
$molecule
 C     1.952718   0.131184   0.000000
 C     0.567966  -0.510632  -0.000000
 H     2.743682  -0.621629   0.000000
 H     2.093390   0.761934   0.881664
 H     2.093390   0.761935  -0.881664
 C    -0.567966   0.510632  -0.000000
 H     0.464904  -1.161439   0.875187
 H     0.464904  -1.161439  -0.875187
 C    -1.952718  -0.131184  -0.000000
 H    -0.464904   1.161439   0.875187
 H    -0.464904   1.161439  -0.875187
 H    -2.743682   0.621629   0.000000
 H    -2.093390  -0.761935   0.881664
 H    -2.093390  -0.761934  -0.881664
$end
$temperature
298.15
$end
$mult
 1
$end
$sigma
 2
$end
$pressure
1.00000
$end
$scale
0.990
$end
$msrrho
$end
$freq
118.88
222.65
259.36
261.01
427.12
739.84
815.29
843.32
965.83
982.98
1019.57
1066.90
1171.76
1212.36
1292.10
1328.58
1334.10
1396.11
1412.74
1414.67
1487.28
1490.89
1497.95
1499.40
1504.10
1512.22
3001.41
3010.01
3017.83
3021.74
3022.10
3041.18
3077.57
3081.90
3085.36
3086.27
$end
