
$molecule
 C     3.825125  -0.357934   0.000000
 C     2.554791   0.488307  -0.000000
 C     1.276900  -0.347680  -0.000000
 H     4.721997   0.264999   0.000000
 H     3.867616  -1.002813   0.881622
 H     3.867616  -1.002813  -0.881622
 H     2.553359   1.146976   0.875143
 H     2.553359   1.146976  -0.875143
 H     1.277709  -1.007538  -0.875514
 H     1.277709  -1.007538   0.875514
 C    -0.000000   0.488760   0.000000
 C    -1.276900  -0.347680  -0.000000
 H     0.000000   1.148355   0.875541
 H     0.000000   1.148355  -0.875541
 C    -2.554791   0.488307   0.000000
 C    -3.825125  -0.357934  -0.000000
 H    -1.277709  -1.007538   0.875514
 H    -1.277709  -1.007538  -0.875514
 H    -2.553359   1.146976  -0.875143
 H    -2.553359   1.146976   0.875143
 H    -4.721997   0.264999  -0.000000
 H    -3.867616  -1.002813  -0.881622
 H    -3.867616  -1.002813   0.881622
$end
$temperature
298.15
$end
$mult
 1
$end
$sigma
 2
$end
$pressure
1.00000
$end
$scale
0.990
$end
$msrrho
$end
$freq
62.25
73.51
99.52
139.58
142.82
244.39
246.22
246.62
302.68
419.88
484.07
734.27
741.37
777.26
850.53
884.37
920.82
942.52
999.35
1030.92
1040.83
1069.58
1069.68
1092.54
1160.28
1208.96
1245.24
1265.70
1295.60
1324.66
1327.25
1333.93
1339.80
1373.39
1400.58
1401.95
1413.73
1415.61
1484.59
1485.13
1489.23
1494.36
1498.70
1498.77
1501.95
1509.48
1515.15
2993.49
2994.09
3000.53
3007.95
3008.59
3012.94
3013.86
3021.51
3022.00
3026.68
3040.21
3052.11
3079.83
3080.26
3085.34
3085.50
$end
