
$molecule
 C     2.548259  -0.331329   0.000000
 C     1.277968   0.515080   0.000000
 C    -0.000000  -0.320718  -0.000000
 H     3.445248   0.291363   0.000000
 H     2.590478  -0.976208  -0.881620
 H     2.590478  -0.976208   0.881620
 H     1.276473   1.173764  -0.875148
 H     1.276473   1.173763   0.875148
 C    -1.277968   0.515080  -0.000000
 H     0.000000  -0.980858  -0.875533
 H    -0.000000  -0.980858   0.875533
 C    -2.548259  -0.331329  -0.000000
 H    -1.276473   1.173763  -0.875148
 H    -1.276473   1.173764   0.875148
 H    -3.445248   0.291363  -0.000000
 H    -2.590478  -0.976208  -0.881620
 H    -2.590478  -0.976208   0.881620
$end
$temperature
298.15
$end
$mult
 1
$end
$sigma
 2
$end
$pressure
1.00000
$end
$scale
0.990
$end
$msrrho
$end
$freq
106.51
111.24
179.15
241.61
249.26
399.28
399.49
735.93
769.25
870.16
876.93
929.26
997.24
1041.45
1046.90
1078.69
1165.67
1210.82
1270.15
1298.54
1327.82
1334.08
1373.21
1400.46
1414.53
1414.60
1485.72
1488.26
1496.38
1498.30
1499.20
1505.45
1513.93
2993.87
3004.50
3010.67
3012.61
3021.33
3022.47
3028.80
3046.56
3079.20
3081.04
3085.63
3086.00
$end
