
$molecule
 C     4.476228   0.265030   0.000000
 C     3.175794  -0.534170  -0.000000
 C     1.929321   0.347904  -0.000000
 H     5.349705  -0.390323   0.000000
 H     4.542287   0.907929   0.881625
 H     4.542288   0.907929  -0.881625
 H     3.150312  -1.192364   0.875141
 H     3.150313  -1.192364  -0.875142
 H     1.954214   1.007319  -0.875515
 H     1.954214   1.007318   0.875515
 C     0.622768  -0.441334  -0.000000
 H     0.598659  -1.100512   0.875499
 H     0.598659  -1.100512  -0.875500
 C    -0.622768   0.441333  -0.000000
 C    -1.929321  -0.347904  -0.000000
 C    -3.175794   0.534170  -0.000000
 H    -0.598659   1.100512   0.875499
 H    -0.598659   1.100512  -0.875500
 C    -4.476228  -0.265029   0.000000
 H    -1.954214  -1.007319  -0.875515
 H    -1.954214  -1.007319   0.875515
 H    -3.150312   1.192364   0.875141
 H    -3.150313   1.192364  -0.875142
 H    -5.349705   0.390323   0.000000
 H    -4.542287  -0.907929   0.881625
 H    -4.542288  -0.907929  -0.881625
$end
$temperature
298.15
$end
$mult
 1
$end
$sigma
 2
$end
$pressure
1.00000
$end
$scale
0.990
$end
$msrrho
$end
$freq
46.57
67.14
78.07
109.31
134.76
158.79
195.65
244.07
247.03
275.18
340.03
472.05
474.01
734.15
737.60
758.47
809.20
883.57
893.08
908.68
965.89
1008.12
1016.96
1040.47
1056.98
1069.38
1072.81
1103.45
1158.65
1208.44
1237.82
1256.08
1282.39
1307.74
1319.09
1328.28
1339.16
1339.48
1354.26
1388.79
1402.29
1403.35
1414.44
1415.10
1483.99
1484.80
1487.67
1491.06
1497.09
1498.72
1498.74
1504.16
1510.81
1515.55
2992.62
2994.48
2995.98
3002.87
3007.65
3009.61
3010.87
3013.01
3019.98
3021.65
3021.72
3032.11
3043.47
3053.66
3079.85
3080.09
3085.31
3085.33
$end
