
$molecule
 C     3.207876   0.218716  -0.000000
 C     1.884844  -0.542508   0.000000
 C     0.664444   0.375405   0.000000
 H     4.062001  -0.461642   0.000000
 H     3.292517   0.859424   0.881623
 H     3.292517   0.859424  -0.881623
 H     1.840275  -1.199665   0.875137
 H     1.840275  -1.199665  -0.875137
 H     0.708514   1.033780  -0.875553
 H     0.708514   1.033780   0.875553
 C    -0.664444  -0.375405   0.000000
 C    -1.884844   0.542508   0.000000
 C    -3.207876  -0.218716  -0.000000
 H    -0.708514  -1.033780  -0.875553
 H    -0.708514  -1.033780   0.875553
 H    -1.840275   1.199665   0.875137
 H    -1.840275   1.199665  -0.875137
 H    -4.062001   0.461642  -0.000000
 H    -3.292517  -0.859424   0.881623
 H    -3.292517  -0.859424  -0.881623
$end
$temperature
298.15
$end
$mult
 1
$end
$sigma
 2
$end
$pressure
1.00000
$end
$scale
0.990
$end
$msrrho
$end
$freq
73.07
98.46
131.71
147.91
239.43
250.55
298.32
368.19
468.66
734.73
749.72
811.26
892.23
910.27
911.61
1015.62
1017.39
1054.53
1072.52
1080.81
1162.38
1209.68
1255.60
1279.07
1310.93
1332.71
1338.09
1346.53
1392.52
1401.64
1412.97
1416.29
1485.28
1485.92
1492.05
1498.62
1498.85
1499.03
1507.91
1514.59
2993.39
2996.74
3007.65
3008.57
3012.48
3019.34
3021.72
3021.85
3035.71
3049.78
3079.63
3080.48
3085.48
3085.49
$end
