
$molecule
 C    -0.000000   0.576343  -0.000000
 C     1.271525  -0.269060  -0.000000
 C    -1.271525  -0.269060   0.000000
 H     0.000000   1.234092   0.874765
 H    -0.000000   1.234092  -0.874765
 H     2.168426   0.353883  -0.000000
 H     1.313249  -0.914217   0.881636
 H     1.313249  -0.914217  -0.881636
 H    -2.168426   0.353883   0.000000
 H    -1.313249  -0.914217  -0.881636
 H    -1.313249  -0.914217   0.881636
$end
$temperature
298.15
$end
$mult
 1
$end
$sigma
 2
$end
$pressure
1.00000
$end
$scale
0.990
$end
$msrrho
$end
$freq
220.93
272.18
370.38
755.11
874.27
914.02
934.53
1059.29
1179.20
1216.47
1318.40
1370.77
1404.56
1422.32
1489.31
1491.10
1496.14
1506.61
1512.50
3015.53
3018.63
3022.39
3034.59
3072.83
3084.31
3084.47
3087.01
$end
