$molecule
 H   0.31405028 -0.37439209 0.00922964
 C   0.15710337 -0.19523156 1.08365713
 C   1.46397175 0.00979202 1.81904593
 H  -0.52151624 0.66367669 1.17724812
 H  -0.38760141 -1.06924107 1.47309527
 C   2.16041021 1.32460695 1.44326980
Cl   1.08590985 0.12381511 3.58619599
 H   2.13690700 -0.87379122 1.69157772
 C   3.49231553 1.55602823 2.16177334
Cl   2.43080502 1.31517818 -0.33077278
 H   1.46551428 2.18367426 1.65234524
 C   4.27960619 2.76530479 1.63227081
Cl   4.55906138 0.12777975 1.96219494
 H   3.30757682 1.65665647 3.26977383
 C   3.47230022 4.06476133 1.56464871
Cl   5.69917437 2.98382802 2.70501121
 H   4.69061855 2.53869760 0.60676104
 C   4.32439477 5.33497139 1.40812567
Cl   2.50441072 4.26186689 3.06079368
 H   2.73143675 3.98877504 0.71790197
 C   5.32425170 5.26498017 0.24896340
Cl   3.17782087 6.68921024 1.15081663
 H   4.87159750 5.56193804 2.36758839
 C   6.03644875 6.59373498 -0.03486066
Cl   4.45823613 4.76902545 -1.24252483
 H   6.08728517 4.46367190 0.46122755
 C   7.05076082 6.50040988 -1.17971206
Cl   6.91065163 7.05558878 1.46220790
 H   5.29167074 7.40971608 -0.25113899
 C   7.73347397 7.83898200 -1.49575111
Cl   8.33762768 5.33864178 -0.71986281
 H   6.56298218 6.09452649 -2.10628323
 C   8.77163945 7.73040325 -2.59091713
Cl   6.43137976 8.95212881 -2.08422282
 H   8.16357832 8.31092862 -0.57779453
 H   8.38118838 7.24762302 -3.49737927
 H   9.65204142 7.15476126 -2.26668588
 H   9.13819054 8.72276104 -2.89552824
$end
$temperature
298.15
$end
$mult
 1
$end
$sigma
 1
$end
$pressure
1.00000
$end
$scale
1.093
$end
$msrrho
$end
$freq
17.17
23.05
24.72
34.91
40.35
49.36
58.71
59.31
67.29
78.07
94.98
103.72
122.18
122.44
147.92
151.02
155.53
159.15
163.86
171.39
176.60
190.01
222.18
233.82
244.59
281.17
293.68
306.43
312.11
318.37
383.38
400.35
401.71
403.56
446.49
473.43
478.15
559.67
601.11
619.62
641.09
723.31
727.58
728.18
739.97
756.57
787.35
797.90
819.39
835.84
853.82
966.19
969.20
1043.09
1044.57
1051.85
1084.24
1098.17
1121.77
1126.55
1138.34
1144.74
1146.17
1150.11
1164.57
1172.89
1174.07
1181.05
1183.27
1186.79
1193.90
1197.77
1198.76
1204.37
1207.70
1226.30
1236.52
1236.80
1245.81
1246.49
1255.40
1258.93
1264.67
1268.15
1279.67
1282.61
1286.58
1290.18
1291.34
1318.22
1344.05
1344.33
2617.18
2619.62
2621.70
2630.00
2635.69
2637.63
2641.45
2642.75
2660.29
2661.11
2680.54
2680.86
2690.28
2690.40
2785.01
2785.12
$end
