$molecule
 C   2.24123205 -2.57582439 -0.27389611
 H   2.91938412 -2.81207353 0.57577114
 C   0.83790305 -2.40255940 0.25267169
 H   0.68705251 -1.47510636 0.85558191
 H   2.28837953 -3.47642011 -0.92591473
 C   0.27471727 -3.62964685 0.91394778
 H  -0.76660644 -3.47421184 1.23631273
 H   0.27289035 -4.50671940 0.25001243
 H   0.85096618 -3.90145002 1.81171832
 C   1.84389247 0.70809333 0.10393683
 H   1.07658115 0.17699316 0.71780863
 C   3.05927125 -0.15180372 -0.17697405
 H   3.84744008 0.46928766 -0.65804586
 H   3.52344906 -0.46388599 0.78394297
 C   2.74920137 -1.36464469 -1.05235518
 H   2.04229124 -1.11073164 -1.87069384
 H   3.67930387 -1.66079336 -1.58727523
 C   1.26711095 1.40779281 -1.10433809
 H   2.08013156 1.81540172 -1.74414232
 H   0.75965732 0.65400857 -1.74984870
 C   0.30332685 2.53788934 -0.74808972
 H  -0.18138082 2.91301531 -1.67640071
 H   0.87343421 3.40607135 -0.35007466
 C  -0.76491183 2.13893871 0.26323578
 H  -1.41414783 3.01484325 0.48778244
 H  -0.30371698 1.89508609 1.24864309
 C  -1.60863116 0.99106478 -0.23714861
 H  -1.05066270 0.22241622 -0.82372485
 C  -2.50002841 0.37555936 0.81090263
 H  -3.08316758 1.11543936 1.39836229
 C  -3.30597445 -0.78917252 0.31191908
 H  -4.03426375 -0.46852593 -0.45107506
 H  -2.67493556 -1.56811234 -0.15029255
 H  -3.87051942 -1.27396632 1.12153944
Cl  -0.26191756 -2.12049325 -1.26527356
Cl   2.49551847 2.05224574 1.24629346
Cl  -2.83011004 1.73120406 -1.44856923
Cl  -1.27455290 -0.35381597 2.05461460
$end
$temperature
298.15
$end
$mult
 1
$end
$sigma
 1
$end
$pressure
1.00000
$end
$scale
1.0
$end
$msrrho
$end
$freq
20.18
29.27
38.79
64.70
71.09
82.91
87.72
104.20
116.75
132.25
168.46
170.31
173.68
195.69
232.66
244.56
254.58
285.05
298.30
308.34
326.51
353.91
367.30
398.40
417.68
454.30
480.51
517.10
538.94
579.53
601.38
643.25
661.97
827.16
869.58
888.70
914.45
943.01
963.30
974.34
1000.47
1010.41
1011.23
1018.69
1055.15
1076.59
1087.22
1104.00
1116.80
1125.89
1145.63
1153.59
1159.41
1160.52
1172.42
1173.28
1181.03
1185.45
1186.60
1190.47
1207.68
1215.17
1229.99
1233.24
1238.72
1254.12
1261.48
1269.28
1276.59
1281.04
1284.86
1290.91
1296.84
1300.36
1310.06
1312.93
1316.60
1319.00
1331.11
1333.61
1337.61
1338.97
1346.19
1373.65
1385.74
1387.77
2901.77
2907.07
2913.13
2918.17
2920.35
2925.06
2930.24
2934.06
2934.96
2972.73
2974.22
2977.87
2982.01
2985.56
2989.31
2993.08
2995.47
3014.48
3016.37
3022.24
3064.90
3075.58
$end
