$molecule
 H   0.05492935 -0.33814179 -0.10446584
 C   0.09802913 -0.02961252 0.96900429
 C   1.53441067 0.04788462 1.42992599
 H  -0.47540639 -0.77090140 1.57659626
 H  -0.39555668 0.96819878 1.06647159
 C   2.21171794 -1.31877321 1.47604076
Cl   1.57627692 0.78879004 3.04354075
 H   2.12097433 0.74508398 0.77658978
 C   3.67146212 -1.21538728 1.88190812
Cl   2.09660405 -2.08520566 -0.12113500
 H   1.65317255 -2.00145668 2.16955196
 C   4.31288864 -2.56695344 2.14478611
 H   3.75188763 -0.58211197 2.80703141
 H   4.24832090 -0.69709378 1.06839933
 C   5.81001361 -2.40332290 2.34426299
Cl   3.58389529 -3.33009328 3.57116170
 H   4.10422997 -3.27543516 1.29980193
 C   6.54688601 -3.73247734 2.35886149
 H   6.00250101 -1.86912934 3.31368964
 H   6.21442715 -1.75679096 1.51840566
 C   7.95565956 -3.56947744 2.92359937
Cl   6.57496140 -4.44601785 0.74335829
 H   5.98429000 -4.47261091 2.99267089
 C   8.67513185 -4.90503912 3.11073244
Cl   8.91531526 -2.50368863 1.88895251
 H   7.88536912 -3.03611238 3.91122042
 C  10.09160493 -4.73903042 3.65613141
Cl   7.72351971 -5.95076018 4.17168914
 H   8.72343652 -5.44704808 2.12524772
 C  10.86796983 -6.05343847 3.69383257
Cl  10.05538766 -4.01600693 5.26962125
 H  10.64878769 -3.99990378 3.01732315
 C  12.26920420 -5.87570397 4.23013941
Cl  10.96276127 -6.73141213 2.05641175
 H  10.31125622 -6.81879319 4.29609927
 H  12.23400847 -5.59594416 5.31174616
 H  12.84300549 -6.82993880 4.13411953
 H  12.81320003 -5.07617068 3.67139921
$end
$temperature
298.15
$end
$mult
 1
$end
$sigma
 1
$end
$pressure
1.00000
$end
$scale
0.961
$end
$msrrho
$end
$freq
10.20
15.93
19.18
23.49
35.06
41.87
44.39
54.66
70.77
76.39
98.68
123.02
135.45
148.43
163.79
166.39
167.64
185.59
186.66
217.76
281.66
287.51
301.14
315.26
324.00
335.65
358.04
374.82
395.23
404.91
417.20
471.69
496.00
516.38
573.64
626.32
680.53
718.05
735.63
768.58
773.14
776.57
783.54
831.97
866.74
957.48
999.44
1007.27
1018.18
1065.80
1066.36
1121.10
1127.33
1128.96
1133.12
1154.97
1164.26
1165.09
1178.56
1189.03
1201.25
1206.39
1211.60
1218.58
1221.62
1227.64
1228.07
1232.73
1235.40
1241.17
1256.60
1265.11
1267.82
1276.37
1289.14
1297.03
1318.70
1357.53
1367.72
1371.33
1382.87
1383.14
1385.76
1388.62
1388.93
1388.94
1414.11
1422.09
1432.80
1433.28
2986.76
2992.22
2998.63
3001.47
3008.18
3009.41
3017.91
3024.32
3027.22
3036.49
3056.05
3056.25
3064.06
3064.64
3077.15
3080.40
3153.40
3153.67
$end
