$molecule
 H   0.01706293 -0.59120255 -0.05992424
 C   0.06677974 -0.15952231 0.94939264
 C   1.49872310 0.00330271 1.39754940
 H  -0.49594686 -0.82027135 1.62253820
 H  -0.45040823 0.80814007 0.92704860
 C   2.24318869 -1.32061556 1.45539823
Cl   1.46941666 0.70550894 3.04769725
 H   2.04152516 0.72231032 0.74116936
 C   3.68169259 -1.15714700 1.91268327
Cl   2.26705698 -2.00527863 -0.20245889
 H   1.70550369 -2.04625682 2.11272324
 C   4.36160031 -2.49813343 2.11927060
 H   3.70466324 -0.57054004 2.85573110
 H   4.24852824 -0.56273138 1.16698912
 C   5.83588842 -2.33638764 2.44149801
Cl   3.57629110 -3.31927854 3.50917329
 H   4.22274596 -3.15261813 1.22315667
 C   6.54799657 -3.67671384 2.48802882
 H   5.95241419 -1.81526063 3.41390392
 H   6.32155970 -1.68574344 1.68390130
 C   7.98052719 -3.53923114 2.97345912
Cl   6.57332754 -4.36620349 0.83809675
 H   5.98859825 -4.38973485 3.14543003
 C   8.66030047 -4.88835287 3.14879179
Cl   8.89020560 -2.59459817 1.75769814
 H   8.01230974 -2.97508419 3.93789524
 C  10.09847289 -4.75406203 3.62001165
Cl   7.75462695 -5.81883227 4.37758586
 H   8.62614453 -5.46142159 2.18690168
 C  10.82335178 -6.09029789 3.64415379
Cl  10.08333583 -4.08773079 5.27898131
 H  10.64518255 -4.02968874 2.96694168
 C  12.24175498 -5.96958545 4.14402025
Cl  10.89317626 -6.71203578 1.96393747
 H  10.24384501 -6.82619303 4.25123978
 H  12.26571230 -5.59415115 5.17644304
 H  12.74529591 -6.94464076 4.12963620
 H  12.83332970 -5.28190225 3.52483313
$end
$temperature
298.15
$end
$mult
 1
$end
$sigma
 1
$end
$pressure
1.00000
$end
$scale
0.953
$end
$msrrho
$end
$freq
13.46
17.70
25.38
29.77
40.79
50.45
56.75
61.77
72.61
84.78
97.94
115.51
129.22
143.25
159.11
165.95
170.18
178.66
182.65
205.10
260.61
264.12
277.91
291.03
295.24
315.88
328.76
347.14
362.74
382.94
391.28
438.25
463.96
482.40
544.82
572.10
604.98
620.35
642.30
654.25
664.21
686.14
702.51
745.93
806.31
916.35
949.25
952.04
978.03
1020.63
1021.43
1067.20
1076.17
1090.89
1097.29
1099.33
1108.22
1118.68
1125.93
1129.70
1134.54
1141.19
1145.19
1148.08
1153.36
1153.67
1154.48
1177.37
1180.00
1188.70
1192.17
1204.74
1205.97
1208.33
1210.80
1212.46
1253.56
1306.24
1330.48
1365.70
1373.29
1374.74
1385.23
1389.85
1389.99
1396.78
1397.47
1404.71
1405.20
1413.74
2867.51
2871.56
2884.04
2887.16
2892.08
2897.69
2905.79
2919.72
2941.11
2944.04
3013.20
3015.70
3076.50
3076.92
3084.93
3085.15
3174.46
3174.54
$end
