$molecule
 C  -1.90136547 0.97989044 0.05077468
 C  -1.46925057 2.29620136 0.68520528
 H  -2.16257121 2.63781664 1.48451377
 H  -1.16980712 0.66890957 -0.73240130
 C  -1.17794499 3.37638156 -0.32907890
 H  -2.09672565 3.73718469 -0.81758906
 H  -0.70226035 4.25693225 0.12788063
 H  -0.50752104 3.03325753 -1.13261430
 C  -1.39545669 -2.06369519 -0.48566103
 H  -1.55076722 -3.15760077 -0.64975997
 C  -2.47998356 -1.47309453 0.41167026
 H  -3.47582032 -1.47678302 -0.09536991
 C  -2.19750052 -0.12029872 1.05983187
 H  -3.06366210 0.17055771 1.70106750
 H  -1.35445851 -0.21320740 1.78496917
 C   0.01957838 -1.78491439 -0.00361087
 H   0.10341185 -0.73888054 0.35291980
 H   0.21928927 -2.40730109 0.89806478
 C   1.10309377 -2.05258969 -1.05295623
 H   0.83454691 -1.61290772 -2.03526737
 H   1.18647795 -3.14108381 -1.24218591
 C   2.47041928 -1.50334501 -0.61497987
 H   3.19541578 -1.64802475 -1.44326300
 H   2.85683035 -2.12292989 0.22485517
 C   2.43820409 -0.04352235 -0.18090692
 H   1.86012809 0.08640014 0.76230243
 C   3.81076254 0.60924820 -0.07976878
 H   4.38554165 0.54229547 -1.02986565
 C   3.75726710 2.02087675 0.45889760
 H   4.76067495 2.42621040 0.65623569
 H   3.27574814 2.71138229 -0.25088948
 H   3.19168832 2.09334334 1.40011209
Cl   0.08506410 1.95949182 1.54354515
Cl  -1.67391868 -1.35800979 -2.11079345
Cl   1.54616868 0.91218734 -1.41661918
Cl   4.75260682 -0.37048066 1.10037548
Cl  -2.65693214 -2.63650880 1.77126172
Cl  -3.42438339 1.30561346 -0.82859895
$end
$temperature
298.15
$end
$mult
 1
$end
$sigma
 1
$end
$pressure
1.00000
$end
$scale
1.093
$end
$msrrho
$end
$freq
19.14
31.12
38.87
47.80
59.68
66.93
72.06
83.13
100.26
120.92
137.58
146.02
160.63
174.01
177.68
211.56
224.22
229.83
252.98
266.11
279.77
306.16
312.73
334.42
339.43
345.98
371.07
395.80
422.09
484.74
511.72
516.57
569.53
695.34
704.33
706.65
715.72
738.29
790.02
835.35
919.24
935.51
966.27
982.59
1005.42
1027.75
1067.12
1068.68
1069.06
1096.44
1118.83
1130.18
1136.94
1147.38
1164.03
1167.02
1176.51
1182.20
1185.55
1189.41
1193.72
1194.91
1207.84
1210.97
1227.93
1232.61
1244.00
1258.02
1263.32
1272.67
1273.25
1273.31
1278.05
1284.47
1285.33
1287.99
1293.77
1298.65
1307.88
1320.27
1322.42
1325.57
1350.60
1387.33
1395.64
1398.90
1399.43
1425.16
2625.23
2635.37
2646.19
2650.53
2656.24
2657.26
2657.91
2659.16
2662.84
2662.96
2666.13
2672.21
2684.52
2688.07
2721.64
2728.43
2734.14
2744.80
2776.48
2776.96
$end
