$molecule
 C  -1.76936584 1.98436703 0.91850171
 H  -0.85443671 1.51243564 1.34978941
 C  -1.36649909 2.93030854 -0.20815222
 H  -0.78837396 3.79037509 0.21254175
 H  -2.18425605 2.59997057 1.74868606
 C  -2.48931495 3.41842084 -1.09501754
 H  -2.97899922 2.60001864 -1.64226137
 H  -3.26656092 3.92970467 -0.51075221
 H  -2.12735868 4.12725861 -1.85374229
 C  -1.05693155 -0.94100143 0.22991336
 H  -0.31576851 -0.19199098 0.62309954
 C  -2.25521629 -0.18918049 -0.35060317
 H  -1.99887199 0.23098117 -1.35497555
 C  -2.79460875 0.89669637 0.57984803
 H  -3.70348778 1.34985745 0.13207700
 H  -3.14606079 0.42892326 1.52833007
 C  -0.40046576 -1.88242926 -0.77346762
 H  -1.14152097 -2.63143414 -1.13119192
 H  -0.10625153 -1.30410795 -1.67543501
 C   0.81912270 -2.62778522 -0.21439390
 H   1.35160996 -3.11812517 -1.05625431
 H   0.47055939 -3.45117331 0.44544014
 C   1.80532461 -1.76080797 0.57897444
 H   2.64693175 -2.39657215 0.92746939
 H   1.30999920 -1.41634791 1.51414280
 C   2.33185752 -0.57618983 -0.22222473
 H   1.51699955 -0.07756441 -0.80333521
 C   3.10343665 0.45409751 0.60916627
 H   3.93798318 -0.01918894 1.17805917
 C   3.57570559 1.63993532 -0.20210230
 H   2.74886967 2.13152094 -0.73853267
 H   4.04232783 2.40630843 0.43259944
 H   4.32229097 1.34718232 -0.95578973
Cl  -0.15503492 2.08097891 -1.28886464
Cl  -1.59217504 -1.89350188 1.66164132
Cl   3.49735640 -1.21493668 -1.45289439
Cl   1.94719215 1.09319727 1.86354441
Cl  -3.59681073 -1.35693907 -0.65508929
$end
$temperature
298.15
$end
$mult
 1
$end
$sigma
 1
$end
$pressure
1.00000
$end
$scale
1.093
$end
$msrrho
$end
$freq
26.41
38.72
40.89
43.49
58.49
63.54
69.90
101.29
102.94
114.77
153.26
169.59
173.87
179.20
184.51
212.71
248.60
277.59
284.50
320.28
329.04
343.33
349.29
372.22
381.80
412.74
465.45
491.68
514.84
556.36
581.35
632.87
676.75
706.64
719.60
764.81
828.11
877.33
901.26
933.98
949.90
965.12
1003.27
1015.56
1021.23
1028.44
1044.56
1084.80
1108.68
1117.90
1126.57
1133.67
1137.05
1147.94
1156.72
1159.12
1173.12
1175.92
1179.73
1188.90
1197.39
1202.30
1207.45
1210.53
1225.35
1233.65
1238.19
1239.09
1241.94
1245.32
1248.62
1253.66
1255.61
1262.92
1268.17
1276.63
1280.44
1285.39
1289.35
1291.86
1295.93
1321.95
1331.59
1334.92
1341.14
1345.63
1348.16
2626.11
2644.06
2647.44
2651.28
2655.55
2660.79
2662.32
2666.44
2670.51
2673.47
2683.71
2689.23
2690.25
2690.70
2723.86
2731.30
2733.90
2734.63
2735.40
2783.70
2786.37
$end
