$molecule
 H  -0.12582676 -0.51494891 -0.04529207
 C   0.00832284 -0.13119711 0.97825014
 C   1.46921701 0.01616628 1.33728818
 H  -0.52557352 -0.81881893 1.65055670
 H  -0.52485594 0.83125849 1.01746950
 C   2.18631978 -1.31615549 1.51906926
Cl   1.53801671 0.84991204 2.92914462
 H   2.00475871 0.69349075 0.63502435
 C   3.66155714 -1.16664419 1.86180183
Cl   2.09143043 -2.15637992 -0.06360340
 H   1.64635354 -1.97901947 2.23541731
 C   4.34317890 -2.50622729 2.10546260
 H   3.78096471 -0.51448202 2.75986319
 H   4.19423947 -0.61979941 1.05035720
 C   5.83491048 -2.34045797 2.36393424
Cl   3.62137417 -3.22524623 3.58589761
 H   4.13534206 -3.24451604 1.29742173
 C   6.54960268 -3.68454980 2.42367461
 H   6.00684012 -1.77101021 3.30586955
 H   6.27646993 -1.69310254 1.56896539
 C   7.93806353 -3.57925129 3.03917938
Cl   6.67591415 -4.30904933 0.75680581
 H   5.93902369 -4.44909839 2.96998817
 C   8.72080138 -4.88791852 3.02760614
Cl   8.89251391 -2.38543733 2.12099788
 H   7.85158372 -3.15359375 4.07334515
 C  10.13374815 -4.77551330 3.58190372
Cl   7.79384940 -6.04107418 4.01936612
 H   8.74946548 -5.33725019 1.99759076
 C  10.85877169 -6.10738992 3.75223469
Cl  10.06619660 -4.02511436 5.19941522
 H  10.74640094 -4.07464034 2.95750092
 C  12.30259873 -5.93778169 4.16814877
Cl  10.85735711 -6.89915057 2.14225726
 H  10.31993686 -6.81401259 4.42601509
 H  12.39006580 -5.55124866 5.19557301
 H  12.84718180 -6.89521328 4.15416183
 H  12.85697731 -5.24779784 3.51603865
$end
$temperature
298.15
$end
$mult
 1
$end
$sigma
 1
$end
$pressure
1.00000
$end
$scale
1.093
$end
$msrrho
$end
$freq
9.59
16.91
17.89
23.51
38.23
45.70
52.16
55.74
67.96
80.12
90.43
114.65
131.30
144.64
158.00
164.04
166.39
178.11
181.22
206.22
256.84
260.71
278.09
292.69
297.70
311.39
330.60
350.62
364.08
380.56
393.54
437.09
460.46
478.43
541.10
576.44
628.72
660.52
691.90
709.61
719.97
731.30
739.85
781.27
818.94
943.11
972.67
975.42
1005.49
1055.99
1068.28
1069.70
1083.09
1097.66
1124.08
1135.62
1142.73
1147.43
1151.42
1154.19
1159.80
1163.79
1170.44
1176.87
1181.78
1194.73
1195.10
1198.44
1203.48
1207.02
1218.11
1250.90
1275.62
1276.37
1276.53
1280.11
1281.74
1285.88
1288.47
1293.79
1298.69
1302.20
1308.01
1314.40
1327.49
1332.38
1358.22
1392.04
1398.01
1398.30
2621.65
2628.55
2632.43
2640.60
2641.27
2647.72
2655.07
2655.97
2658.78
2658.95
2661.08
2663.73
2677.01
2685.12
2720.20
2727.85
2775.83
2775.97
$end
