$molecule
 C  -1.79040926 2.05951369 0.91106782
 H  -0.86021544 1.64712966 1.38344349
 C  -1.38712626 2.94521280 -0.26579544
 H  -0.81410366 3.82930632 0.11421152
 H  -2.27654046 2.72887999 1.67192908
 C  -2.50491243 3.38492091 -1.18912684
 H  -2.95938568 2.51494708 -1.71902980
 H  -3.29996463 3.90224824 -0.60305916
 H  -2.11087035 4.08787198 -1.96188554
 C  -1.04502172 -0.94032872 0.24316819
 H  -0.28895219 -0.20949551 0.62895291
 C  -2.24749955 -0.17156853 -0.30654211
 H  -2.01136260 0.24333736 -1.31766531
 C  -2.77428168 0.91428756 0.63334388
 H  -3.71759165 1.33268151 0.20060708
 H  -3.03635214 0.43714664 1.61623395
 C  -0.41973369 -1.88030165 -0.78430736
 H  -1.18309780 -2.64090257 -1.09669918
 H  -0.14205678 -1.28322562 -1.68931400
 C   0.81779529 -2.63545992 -0.27190421
 H   1.33725844 -3.08210384 -1.15684020
 H   0.47198983 -3.46737084 0.39411556
 C   1.83282946 -1.80114357 0.52562967
 H   2.69702481 -2.46298480 0.79106914
 H   1.35441265 -1.48456306 1.48881996
 C   2.34305753 -0.58028512 -0.23390547
 H   1.53023499 -0.07086004 -0.80577266
 C   3.09472505 0.43282303 0.63742240
 H   3.92309241 -0.05229816 1.20649505
 C   3.57015205 1.65125051 -0.12819565
 H   2.71929704 2.14190377 -0.66117331
 H   4.02095322 2.39438028 0.57117221
 H   4.34127790 1.35913041 -0.88163031
Cl  -0.15603675 2.05608985 -1.29153727
Cl  -1.56177706 -1.89975464 1.67765191
Cl   3.51918328 -1.15688728 -1.48591407
Cl   1.91551503 1.02144031 1.89655366
Cl  -3.60167479 -1.33388814 -0.58904785
$end
$temperature
298.15
$end
$mult
 1
$end
$sigma
 1
$end
$pressure
1.00000
$end
$scale
1.093
$end
$msrrho
$end
$freq
28.14
34.72
45.98
47.53
56.31
65.97
70.99
101.03
104.05
123.72
157.39
170.66
177.71
188.52
195.02
213.26
243.21
283.74
287.58
320.18
334.52
347.88
352.52
380.63
389.25
412.53
465.02
493.09
515.92
562.04
580.71
635.62
680.72
704.72
721.61
764.54
833.51
874.21
905.82
938.46
953.64
962.41
1010.11
1013.14
1024.93
1031.24
1045.74
1084.07
1110.08
1118.99
1128.08
1134.60
1136.43
1142.94
1156.28
1160.85
1175.42
1176.16
1182.89
1190.99
1196.79
1199.40
1208.17
1210.94
1233.13
1247.27
1252.29
1261.95
1282.59
1284.85
1288.87
1318.21
1333.66
1337.32
1340.17
1342.78
1348.85
1349.21
1354.60
1357.98
1366.53
1368.69
1371.39
1377.75
1382.91
1404.11
1410.80
2617.23
2618.46
2624.34
2628.85
2642.75
2650.63
2651.51
2656.86
2659.24
2661.80
2664.99
2666.86
2670.23
2683.16
2757.69
2758.28
2761.87
2763.86
2765.70
2846.50
2850.54
$end
