$molecule
 H  -0.13213247 -0.57286119 -0.05368637
 C   0.01440180 -0.08701130 0.92286435
 C   1.48079883 0.04948746 1.27119365
 H  -0.53939360 -0.67810498 1.66593431
 H  -0.47989326 0.89426560 0.86857078
 C   2.17309320 -1.29723899 1.51695163
Cl   1.58785062 0.98677920 2.81766172
 H   2.02482418 0.65103875 0.50387944
 C   3.65720004 -1.16271959 1.84542747
Cl   2.03016787 -2.22785965 -0.02737476
 H   1.63160282 -1.88843758 2.29786052
 C   4.31571897 -2.50517372 2.15633399
 H   3.78916621 -0.47195099 2.71135109
 H   4.19252342 -0.67603212 0.99978555
 C   5.82311746 -2.36994323 2.36363393
Cl   3.60238261 -3.13005145 3.70341842
 H   4.07973235 -3.27450589 1.37824405
 C   6.51106118 -3.72920196 2.48645686
 H   6.03625111 -1.75338129 3.26495186
 H   6.26009430 -1.79326472 1.51429916
 C   7.93362138 -3.60332752 3.04124978
Cl   6.54439911 -4.48344105 0.85278151
 H   5.91365550 -4.42580300 3.13637870
 C   8.71357467 -4.92327121 3.06164699
Cl   8.85709184 -2.43466513 2.03812914
 H   7.88120511 -3.16420490 4.07572897
 C  10.12687405 -4.78341719 3.63529889
Cl   7.79374843 -6.06692048 4.09547893
 H   8.76034880 -5.37236221 2.03013227
 C  10.92440789 -6.09512782 3.61304692
Cl  10.00593384 -4.25945869 5.34786934
 H  10.69617415 -3.98262910 3.09146233
 C  12.29836728 -5.96429781 4.23311343
Cl  11.15002713 -6.52721384 1.86862157
 H  10.35131722 -6.93596502 4.07653458
 H  12.24436622 -5.81259890 5.32189244
 H  12.89974653 -6.87174580 4.06998605
 H  12.87280600 -5.12661921 3.81429976
$end
$temperature
298.15
$end
$mult
 1
$end
$sigma
 1
$end
$pressure
1.00000
$end
$scale
1.093
$end
$msrrho
$end
$freq
12.51
18.94
25.33
27.27
38.88
44.54
54.54
59.55
69.92
80.86
96.32
118.36
122.70
145.77
153.15
164.51
165.78
175.32
177.65
218.84
275.99
280.40
295.55
305.25
314.92
325.12
347.76
374.78
387.30
399.51
403.87
456.72
473.28
495.33
544.97
588.06
641.85
666.29
700.66
724.95
727.87
735.05
757.79
790.30
824.98
926.85
962.69
966.54
990.08
1044.47
1045.82
1072.22
1092.90
1109.23
1118.15
1128.40
1132.41
1138.27
1141.06
1146.52
1153.01
1157.51
1167.96
1175.68
1177.30
1182.32
1187.01
1194.13
1203.89
1204.67
1212.00
1226.08
1236.82
1237.83
1244.61
1246.85
1250.26
1254.89
1259.37
1260.92
1261.96
1279.11
1289.20
1291.24
1302.42
1310.08
1337.34
1344.54
1344.68
1347.93
2623.84
2630.67
2641.47
2642.24
2643.26
2648.05
2655.26
2661.21
2661.41
2671.28
2681.01
2682.24
2690.68
2691.97
2723.76
2730.33
2785.16
2785.35
$end
