$molecule
 C   3.00755148 0.66851566 -0.96472152
 H   2.36970353 0.13060546 -1.69968249
 C   2.38163219 2.00968915 -0.61164460
 H   2.39277020 2.68929856 -1.49486563
 H   3.95407867 0.86566551 -1.51780051
 C   2.94352652 2.69222722 0.61339987
 H   4.02662010 2.85076834 0.51540025
 H   2.48591352 3.67798981 0.78161434
 H   2.78677612 2.10990447 1.53292552
 C   1.06446656 -1.42469850 0.19136691
 H   0.88270322 -0.91683668 -0.77932001
 C   2.11843389 -0.71962627 1.02904026
 H   1.66212741 0.15109440 1.54487919
 H   2.46347001 -1.38165607 1.85227029
 C   3.33091280 -0.26351690 0.20999929
 H   4.05973588 0.22640194 0.88593076
 H   3.86108584 -1.15693847 -0.18604588
 C  -0.22562322 -1.67208132 0.95603304
 H  -0.08091206 -2.45644500 1.72850442
 H  -0.49982991 -0.76063841 1.52904018
 C  -1.38450947 -2.06938199 0.03402704
 H  -2.24372841 -2.40415064 0.65123380
 H  -1.10124375 -2.95744315 -0.56726224
 C  -1.82502089 -0.94105714 -0.90774100
 H  -2.58335930 -1.33378031 -1.61784077
 H  -0.97086540 -0.63046337 -1.54564686
 C  -2.36763591 0.27522762 -0.17327723
 H  -1.72017918 0.58376775 0.67416034
 C  -2.67939072 1.43656787 -1.10616891
 H  -1.83320391 1.59025117 -1.80844548
 H  -3.55082216 1.20247245 -1.75117101
 C  -2.93453652 2.72455286 -0.32591190
 H  -3.12684909 3.56542104 -1.00179748
 H  -3.80542080 2.63245385 0.33542086
 H  -2.07500404 2.99746847 0.29791160
Cl   0.60897859 1.76268647 -0.32186926
Cl   1.73754397 -3.02943892 -0.29699481
Cl  -3.91345879 -0.21290137 0.62650586
$end
$temperature
298.15
$end
$mult
 1
$end
$sigma
 1
$end
$pressure
1.00000
$end
$scale
1.093
$end
$msrrho
$end
$freq
20.59
30.95
46.72
57.03
59.74
74.39
101.94
115.37
126.22
145.97
162.02
174.63
190.43
231.15
254.92
283.15
294.40
325.64
334.47
354.36
376.98
383.04
452.05
456.57
470.27
506.73
580.88
635.10
636.71
643.00
826.39
844.60
885.28
901.57
931.69
955.74
969.43
976.05
1011.73
1023.89
1050.09
1056.62
1086.85
1094.50
1112.58
1125.24
1134.40
1141.25
1150.20
1156.05
1168.23
1179.86
1190.99
1196.66
1202.14
1210.50
1224.06
1227.30
1235.72
1243.20
1249.30
1252.70
1275.43
1281.13
1282.13
1287.01
1289.54
1297.22
1300.99
1306.89
1310.68
1318.81
1321.37
1323.19
1326.10
1327.31
1333.64
1338.87
1350.60
1362.52
1372.69
1395.09
1397.48
1404.59
1408.46
2641.68
2645.03
2647.78
2650.94
2652.10
2658.34
2659.92
2660.94
2669.87
2670.24
2674.67
2677.65
2679.97
2683.93
2729.77
2733.14
2735.10
2738.35
2739.39
2740.81
2742.71
2778.08
2782.52
$end
