$molecule
 C   2.22208946 -2.50794221 -0.31508283
 H   2.88318587 -2.67106562 0.56199252
 C   0.79020208 -2.31318752 0.16906369
 H   0.64117023 -1.28820532 0.60216729
 H   2.29349902 -3.44414867 -0.90921334
 C   0.31498412 -3.38598411 1.12342394
 H  -0.72624827 -3.20835589 1.43626405
 H   0.34729536 -4.38857662 0.67656770
 H   0.92302233 -3.41102984 2.03741067
 C   2.01861183 0.77060857 0.10278458
 H   1.28158481 0.19181797 0.72041022
 C   3.18273440 -0.11865308 -0.33419280
 H   3.90892640 0.48115118 -0.92233815
 H   3.75213062 -0.45294619 0.55915487
 C   2.74808621 -1.33867099 -1.15660726
 H   1.99697201 -1.04467264 -1.91841739
 H   3.62178185 -1.69441493 -1.74248578
 C   1.32490509 1.49029708 -1.04831577
 H   2.08009331 1.98915464 -1.69183918
 H   0.83848088 0.72913420 -1.69820284
 C   0.29238792 2.53826183 -0.61394614
 H  -0.20752642 2.94057748 -1.52052346
 H   0.81467811 3.40656182 -0.15808741
 C  -0.76287093 2.03222380 0.37640132
 H  -1.37774040 2.89145328 0.71976285
 H  -0.25393301 1.66602045 1.29513531
 C  -1.65553909 0.94805440 -0.21472630
 H  -1.05618922 0.17417277 -0.75472617
 C  -2.60641325 0.29808171 0.79600170
 H  -3.22417345 1.06125647 1.32581535
 C  -3.45952804 -0.79686046 0.19647151
 H  -4.16879092 -0.40050324 -0.54590558
 H  -2.85481961 -1.56294438 -0.31481179
 H  -4.05205386 -1.31684062 0.96187829
Cl  -0.30482455 -2.37062869 -1.29528927
Cl   2.71731646 2.02088682 1.22420105
Cl  -2.71251364 1.72158075 -1.46754361
Cl  -1.56818673 -0.47346022 2.07843466
$end
$temperature
298.15
$end
$mult
 1
$end
$sigma
 1
$end
$pressure
1.00000
$end
$scale
1.093
$end
$msrrho
$end
$freq
22.27
34.11
38.08
62.28
74.66
83.97
89.17
102.41
121.63
134.49
170.66
187.24
189.12
208.58
234.18
270.28
290.30
298.48
322.21
340.00
349.62
370.97
388.88
405.67
430.80
452.52
490.63
500.62
520.27
640.17
695.54
709.25
720.76
834.44
852.22
867.98
907.64
934.48
949.71
971.52
987.93
1005.31
1019.75
1044.87
1059.81
1082.47
1098.69
1106.13
1126.62
1140.76
1153.55
1155.51
1162.72
1168.36
1175.22
1180.56
1184.13
1192.14
1196.51
1198.93
1210.50
1211.63
1224.41
1234.34
1236.85
1237.40
1244.22
1247.80
1251.92
1258.00
1262.59
1266.14
1267.30
1270.77
1276.17
1284.68
1285.59
1294.16
1301.58
1311.31
1328.10
1329.31
1334.56
1342.96
1344.25
1346.89
2575.26
2644.03
2649.64
2653.82
2657.11
2662.17
2664.68
2665.93
2668.28
2672.87
2683.56
2685.33
2690.70
2694.09
2730.85
2735.04
2735.28
2736.25
2738.44
2742.22
2784.65
2786.52
$end
