$molecule
 H   0.74273964 -1.01959964 -0.41894575
 C   0.91742595 -1.22905670 0.64518312
 C   1.86369543 -0.21979713 1.25862902
 H  -0.05506346 -1.23999674 1.15513148
 H   1.31402369 -2.25665119 0.69808995
 C   1.93338704 -0.29786587 2.78697025
Cl   3.49828290 -0.47159355 0.53279207
 H   1.57498549 0.82462869 0.96954858
 C   3.15529350 0.40616058 3.36872300
Cl   1.95513846 -2.01186295 3.34496280
 H   0.98367284 0.13427258 3.20270204
 C   3.00934735 0.64518296 4.86745827
 H   4.08103030 -0.18590389 3.17224653
 H   3.32679309 1.36700215 2.82837272
 C   4.33174566 0.99724061 5.54971789
Cl   1.79332372 1.95762570 5.10916359
 H   2.58065266 -0.26148869 5.37853507
 C   4.19547672 1.60976319 6.94301574
Cl   5.26709285 2.17317820 4.55181390
 H   4.96893537 0.07160360 5.58560392
 C   3.31908778 0.79650616 7.89015605
 H   3.78132671 2.64412345 6.86988372
 H   5.21433816 1.73830891 7.37324416
 C   3.40936489 1.30010240 9.32683372
Cl   3.90159093 -0.92451613 7.86416273
 H   2.25590971 0.76253842 7.54153015
 C   2.39467248 0.61762599 10.23994771
 H   3.25118823 2.40581228 9.33741554
 H   4.43671701 1.15832370 9.73005811
 C   2.70107529 0.80814465 11.72914915
Cl   0.75934971 1.25243964 9.82958617
 H   2.34020239 -0.48535915 10.03469655
 C   1.51762959 0.53243112 12.63063119
Cl   3.27005599 2.49291676 12.05306741
 H   3.56959371 0.15244355 11.99956037
 H   1.02107183 -0.41338450 12.37515860
 H   1.81914982 0.48563264 13.68594730
 H   0.74954719 1.32088299 12.56216619
$end
$temperature
298.15
$end
$mult
 1
$end
$sigma
 1
$end
$pressure
1.00000
$end
$scale
1.093
$end
$msrrho
$end
$freq
17.05
20.34
27.28
37.92
45.85
49.44
62.31
79.03
86.66
91.45
108.14
132.49
160.75
169.76
192.80
197.18
198.51
220.91
235.68
270.03
272.39
286.59
324.65
347.10
379.01
385.44
396.50
417.40
421.27
494.52
505.30
525.15
571.29
578.73
589.29
665.79
680.29
686.40
702.19
733.08
741.62
773.94
921.62
950.65
964.16
983.72
991.63
1035.07
1035.79
1051.40
1111.79
1117.93
1120.71
1132.81
1139.94
1148.76
1153.58
1161.14
1169.54
1170.52
1176.76
1178.45
1182.73
1190.97
1196.83
1201.81
1206.21
1213.26
1236.25
1241.18
1241.62
1248.72
1253.23
1255.79
1257.04
1259.98
1262.75
1262.95
1270.50
1270.91
1277.32
1279.53
1295.09
1303.14
1342.72
1345.39
1345.82
1356.69
1363.31
2628.61
2633.24
2637.11
2639.66
2645.18
2646.31
2649.53
2653.93
2654.40
2662.69
2680.75
2681.15
2691.93
2692.31
2722.75
2723.37
2729.64
2783.67
2783.89
$end
