$molecule
 H   0.07673637 0.02505555 0.17174504
 C   0.10705849 -0.06755529 1.26964090
 C   1.51249649 0.06274822 1.78894656
 H  -0.57268148 0.69394163 1.68064998
 H  -0.32765795 -1.04537751 1.52654416
 C   2.11035450 1.42729047 1.54949437
Cl   1.40701053 -0.01728176 3.64828507
 H   2.17531920 -0.77976457 1.48408729
 C   3.49964894 1.60308572 2.11364772
Cl   2.24275885 1.59741071 -0.28783502
 H   1.42594902 2.24773007 1.88506361
 C   4.25491717 2.76679110 1.50749903
Cl   4.50233920 0.12785684 1.65352426
 H   3.48060531 1.62697036 3.23482629
 C   3.47350988 4.05679450 1.45336496
Cl   5.69193638 3.05223697 2.62343847
 H   4.68029850 2.50545320 0.50139896
 C   4.32984060 5.30261873 1.37189445
Cl   2.55560813 4.20311351 3.04391604
 H   2.69956549 4.03118043 0.64001314
 C   5.40377009 5.22369480 0.31436306
Cl   3.14919241 6.63464419 0.89948984
 H   4.75884448 5.60486996 2.36302517
 C   5.95732526 6.56709800 -0.09094296
Cl   4.62358774 4.53414201 -1.21199583
 H   6.21831353 4.50358121 0.60242671
 C   7.03305297 6.46226081 -1.14410968
Cl   6.72014364 7.21586799 1.45530601
 H   5.17125558 7.31162341 -0.39173275
 C   7.74637309 7.76900211 -1.39254519
Cl   8.33978857 5.31894246 -0.51501182
 H   6.63698183 5.99116707 -2.07815173
 C   8.80375991 7.68080696 -2.45731696
Cl   6.39668548 8.86410991 -2.07437522
 H   8.09441237 8.26624472 -0.45766579
 H   8.41764833 7.28501381 -3.40863322
 H   9.63348818 7.02615808 -2.14423238
 H   9.23428547 8.66884155 -2.67991143
$end
$temperature
298.15
$end
$mult
 1
$end
$sigma
 1
$end
$pressure
1.00000
$end
$scale
1.0
$end
$msrrho
$end
$freq
19.05
24.79
28.57
40.70
47.35
54.47
59.95
67.98
72.42
81.21
97.20
101.15
117.15
122.74
139.10
150.01
157.89
163.90
168.25
170.17
176.45
181.45
213.09
215.29
223.37
243.52
247.70
274.18
275.99
284.30
332.89
347.87
379.39
388.11
416.13
437.63
446.60
512.25
521.30
554.13
579.20
604.84
614.89
620.33
635.44
653.38
668.91
718.52
726.08
755.16
787.12
972.87
974.85
1020.77
1021.95
1064.31
1092.71
1105.47
1110.90
1119.61
1122.60
1126.31
1136.63
1140.29
1143.91
1157.93
1159.89
1164.12
1167.86
1174.01
1177.66
1190.17
1202.86
1204.84
1214.73
1228.63
1233.80
1245.43
1255.36
1264.04
1264.08
1266.81
1275.10
1280.78
1282.46
1287.21
1327.25
1335.59
1344.53
1361.65
1378.07
1387.97
2852.69
2869.17
2870.32
2880.27
2891.80
2896.75
2900.81
2914.19
2940.99
2941.87
3010.44
3011.15
3021.03
3021.42
3074.14
3074.49
$end
