$molecule
 H   0.83701482 -1.05729936 -0.32771541
 C   0.79106380 -0.98795043 0.76929540
 C   1.96118006 -0.22166412 1.32533353
 H  -0.16628649 -0.50975608 1.02633591
 H   0.75059523 -2.02172803 1.14924550
 C   1.94685670 -0.09933240 2.82837506
Cl   3.48138268 -1.17506589 0.84812871
 H   2.09291369 0.77508737 0.84397958
 C   3.24333976 0.43212480 3.40019792
Cl   1.73418075 -1.79900474 3.54406505
 H   1.05269334 0.47155437 3.17949654
 C   3.11632138 0.62507527 4.89387009
 H   4.08779642 -0.26107990 3.17291464
 H   3.51927114 1.38886834 2.89800527
 C   4.39457659 1.04218915 5.57175922
Cl   1.87288730 1.99754827 5.12318743
 H   2.66115530 -0.26393684 5.40414500
 C   4.21929219 1.72659109 6.91330934
Cl   5.23777558 2.32266585 4.51788720
 H   5.11432198 0.18925594 5.61253619
 C   3.31796902 0.94382870 7.83995488
 H   3.79634509 2.75017138 6.77178145
 H   5.22191166 1.90016444 7.36329570
 C   3.49142769 1.31411900 9.29445861
Cl   3.87241349 -0.85416430 7.71733329
 H   2.24861916 0.93010588 7.51646978
 C   2.53256461 0.52378704 10.15996626
 H   3.32379476 2.40951068 9.42907444
 H   4.53810497 1.14042100 9.62985890
 C   2.74261049 0.73790705 11.63805616
Cl   0.84056662 1.13605586 9.71660957
 H   2.51917755 -0.56535453 9.90864002
 C   1.62260947 0.20991499 12.49335547
Cl   2.81208246 2.56943705 11.94245211
 H   3.74292754 0.36430718 11.95782244
 H   1.48036708 -0.87235874 12.35263187
 H   1.81637561 0.37759024 13.56328293
 H   0.65958414 0.69613456 12.26753002
$end
$temperature
298.15
$end
$mult
 1
$end
$sigma
 1
$end
$pressure
1.00000
$end
$scale
1.0
$end
$msrrho
$end
$freq
19.02
19.10
31.95
40.56
52.98
57.25
58.37
73.26
78.19
92.84
113.99
125.01
152.60
155.55
169.72
172.83
179.00
202.16
220.33
239.31
251.63
258.98
284.50
296.48
317.20
332.65
365.03
396.48
406.75
454.66
478.08
501.36
502.59
528.04
536.89
578.08
596.45
598.85
633.25
667.64
675.69
704.87
915.91
950.95
970.12
978.19
982.14
1023.54
1024.43
1050.83
1103.65
1114.08
1115.96
1120.96
1126.43
1141.29
1153.09
1156.78
1161.40
1162.06
1167.29
1171.25
1173.82
1175.11
1177.83
1187.02
1194.90
1204.09
1207.77
1213.27
1231.77
1235.30
1248.50
1257.53
1264.11
1264.63
1265.36
1275.15
1286.43
1286.50
1291.00
1304.56
1315.56
1335.91
1341.87
1356.82
1366.62
1391.51
1396.04
2878.73
2901.57
2903.04
2907.01
2916.77
2920.86
2921.09
2931.65
2943.44
2943.46
2960.19
2969.65
2975.10
3010.78
3011.24
3021.39
3021.52
3072.98
3073.16
$end
