$molecule
 H  -0.09783724 -1.07967734 -0.55955791
 C  -0.02528235 -0.25687635 0.16744009
 C   1.41247033 0.11518591 0.45998854
 H  -0.56849793 -0.57113848 1.06983584
 H  -0.58237864 0.59230681 -0.25576109
 C   2.18165427 -0.98121178 1.20749316
Cl   1.39011036 1.56866932 1.53817214
 H   1.94787821 0.42307465 -0.47028335
 C   3.64310709 -0.62856819 1.46708930
Cl   2.14828448 -2.44356653 0.14154381
 H   1.65668673 -1.26390190 2.15483623
 C   4.34903459 -1.68944928 2.31182466
 H   3.70266692 0.36476818 1.97869842
 H   4.18473043 -0.48297440 0.50695183
 C   5.87206425 -1.51853285 2.28808392
Cl   3.73476456 -1.55749686 3.99799426
 H   4.08255550 -2.72577001 1.96810848
 C   6.61905620 -2.48614121 3.21507163
Cl   6.28868403 0.15232098 2.78859441
 H   6.23094153 -1.63503890 1.22840218
 C   8.14182317 -2.31638268 3.16286664
Cl   6.21888994 -4.15238856 2.68229873
 H   6.25044303 -2.37690737 4.27316708
 C   8.88683522 -3.25586559 4.12151927
Cl   8.69564718 -2.69609615 1.49726925
 H   8.42458721 -1.24685693 3.36902967
 C  10.40864905 -3.08958668 4.06733860
Cl   8.33358689 -2.87328842 5.78475434
 H   8.60950361 -4.32812448 3.91956638
 C  11.15914621 -4.06206260 4.98847796
Cl  10.82666356 -1.42580113 4.59187563
 H  10.78039281 -3.20036636 3.01335498
 C  12.65815310 -3.85774373 4.97021119
Cl  10.82563859 -5.72687629 4.35713319
 H  10.76110723 -4.03343219 6.03298208
 H  13.17833472 -4.65591907 5.52162003
 H  12.94847046 -2.90675845 5.44239598
 H  13.07220622 -3.85695367 3.95247234
$end
$temperature
298.15
$end
$mult
 1
$end
$sigma
 1
$end
$pressure
1.00000
$end
$scale
1.093
$end
$msrrho
$end
$freq
12.13
20.80
22.72
26.96
38.65
46.52
53.91
57.58
59.52
73.18
97.26
115.07
124.44
127.74
143.92
155.13
164.09
167.51
172.17
176.43
180.33
243.57
279.90
285.91
301.57
308.82
317.35
321.18
354.53
372.78
391.16
402.93
441.49
465.87
482.02
503.18
556.95
619.13
646.96
697.24
723.49
727.45
738.96
748.95
770.69
795.35
815.98
834.43
954.78
966.77
973.08
1043.77
1046.56
1071.34
1075.38
1107.33
1121.77
1127.95
1131.66
1139.83
1140.69
1144.88
1150.27
1158.14
1158.86
1166.30
1177.72
1181.33
1184.93
1192.04
1199.89
1202.03
1211.67
1217.62
1236.60
1237.82
1246.56
1246.98
1250.77
1256.25
1259.00
1264.23
1284.15
1285.27
1292.51
1301.57
1313.05
1319.17
1344.46
1345.46
1357.91
2621.43
2624.05
2629.50
2636.36
2639.52
2642.34
2646.92
2656.48
2661.22
2670.94
2680.81
2682.21
2690.48
2691.84
2723.72
2785.04
2785.36
$end
