$molecule
 C  -2.35117529 1.11025937 0.23272068
 C  -1.70586477 2.35920583 0.81099518
 H  -1.98112321 2.48080573 1.88378919
 H  -2.03044974 0.97055971 -0.82978202
 C  -2.03201774 3.60197459 0.02131816
 H  -3.11429620 3.79279592 0.02000143
 H  -1.53593755 4.48205174 0.44999058
 H  -1.70793852 3.51520972 -1.02456601
 C  -1.24579743 -1.89820422 -0.63114608
 H  -1.42504243 -2.97020802 -0.88603672
 C  -2.33607193 -1.42036552 0.32253659
 H  -3.30586806 -1.33655793 -0.22430723
 C  -2.04652582 -0.12410243 1.06315078
 H  -2.63628291 -0.09716906 2.00284380
 H  -0.97555099 -0.10113796 1.37415133
 C   0.15316585 -1.72213215 -0.07567452
 H   0.30703229 -0.65201877 0.22433646
 H   0.23447640 -2.30659702 0.86438980
 C   1.24486516 -2.13872252 -1.04678640
 H   1.05293912 -1.70605108 -2.05173240
 H   1.23712457 -3.23768104 -1.18064385
 C   2.61204317 -1.68771321 -0.55374839
 H   3.40631648 -2.13077901 -1.18653412
 H   2.79077174 -2.06873398 0.47339224
 C   2.73104309 -0.17255266 -0.55960163
 H   1.79286738 0.28810077 -0.14261311
 C   3.95030927 0.33775096 0.18828746
 H   4.87981145 -0.10807341 -0.23458620
 C   4.02330837 1.84554812 0.19514027
 H   4.87939348 2.19714001 0.78454682
 H   4.13266938 2.23724352 -0.82566688
 H   3.11519329 2.29111014 0.62641257
Cl   0.08116026 2.13653972 0.74601637
Cl  -1.40797015 -0.98306550 -2.16551350
Cl   2.87904660 0.35802437 -2.26585085
Cl   3.83342460 -0.19961382 1.89706558
Cl  -2.52879930 -2.70288968 1.56282150
Cl  -4.12660508 1.34223879 0.23091369
$end
$temperature
298.15
$end
$mult
 1
$end
$sigma
 1
$end
$pressure
1.00000
$end
$scale
0.953
$end
$msrrho
$end
$freq
15.51
22.87
25.44
38.96
44.55
57.12
59.89
74.24
100.40
114.35
147.58
165.29
178.35
185.66
201.59
210.12
225.74
238.79
260.96
269.57
298.15
305.11
326.75
338.80
350.39
357.84
400.39
416.59
439.48
496.35
512.45
533.42
601.40
642.88
648.12
662.78
699.38
706.77
766.70
832.47
915.83
931.09
942.68
954.77
989.06
1011.08
1018.71
1022.02
1056.78
1065.69
1086.80
1112.14
1117.10
1121.90
1125.34
1130.46
1134.44
1138.68
1147.20
1154.48
1157.00
1161.17
1164.80
1170.75
1189.80
1200.59
1204.90
1207.17
1227.94
1234.09
1266.63
1289.88
1305.91
1317.87
1334.06
1373.32
1384.68
1387.23
1388.17
1389.63
1390.33
1396.60
1398.00
1403.10
1407.23
1408.23
1416.96
1491.59
2826.55
2858.49
2879.71
2900.62
2905.19
2911.45
2923.37
2923.65
2943.41
2951.16
2990.10
3000.75
3023.22
3029.96
3068.00
3075.90
3083.75
3085.14
3169.25
3174.15
$end
