$molecule
 C  -2.62289863 1.11640457 0.31770814
 C  -2.25024072 2.38242153 1.08409060
 H  -2.66403701 2.33886851 2.12508071
 H  -2.13023732 1.12188936 -0.69055511
 C  -2.69764796 3.64448415 0.38608155
 H  -3.81344252 3.71182984 0.39261490
 H  -2.29003162 4.54349372 0.90999285
 H  -2.34562558 3.65988454 -0.67377680
 C  -1.21046389 -1.66772347 -0.70145730
 H  -1.24414252 -2.74611627 -1.01936633
 C  -2.35915623 -1.40504288 0.26882751
 H  -3.33401135 -1.42234102 -0.28999418
 C  -2.26047522 -0.13652339 1.09749682
 H  -2.94975002 -0.22295840 1.98291297
 H  -1.21999406 -0.02975026 1.50761845
 C   0.15827935 -1.34728692 -0.13312797
 H   0.30564221 -0.23524107 -0.08440754
 H   0.20446948 -1.74113743 0.91895398
 C   1.26695296 -1.97788305 -0.95134336
 H   1.21066568 -1.61610598 -2.01217557
 H   1.12153907 -3.09130995 -0.97109834
 C   2.63545005 -1.68168874 -0.37316276
 H   3.36876014 -2.44043086 -0.75719393
 H   2.59664069 -1.79420109 0.74412004
 C   3.13318332 -0.28695234 -0.71285744
 H   2.31426062 0.46888414 -0.58939857
 C   4.34275942 0.11184789 0.12699571
 H   5.12738955 -0.68693873 0.07209505
 C   4.91883953 1.45112778 -0.26673277
 H   5.71187549 1.76146648 0.45684869
 H   5.37876543 1.38747574 -1.28353913
 H   4.12506326 2.23666134 -0.28298282
Cl  -0.48560112 2.44139415 1.29467340
Cl  -1.48899413 -0.78085869 -2.21252656
Cl   3.56103964 -0.21792170 -2.43521593
Cl   3.87442520 0.17628534 1.84087246
Cl  -2.45952634 -2.79098653 1.37826642
Cl  -4.36474856 1.11465973 -0.01971788
$end
$temperature
298.15
$end
$mult
 1
$end
$sigma
 1
$end
$pressure
1.00000
$end
$scale
0.961
$end
$msrrho
$end
$freq
5.26
9.14
16.26
22.93
38.50
46.28
49.56
65.87
80.69
105.88
146.07
156.85
158.40
174.37
186.18
216.46
234.68
252.77
285.99
294.45
300.93
319.01
338.25
361.84
369.31
387.75
398.75
425.00
453.43
504.61
535.78
562.70
606.44
746.95
756.99
765.75
770.98
777.40
843.03
861.45
951.69
970.00
989.96
1008.62
1037.55
1064.02
1066.14
1076.75
1115.24
1122.14
1141.82
1158.61
1171.55
1178.53
1186.23
1192.87
1202.30
1207.14
1213.35
1218.64
1224.60
1231.07
1233.64
1236.84
1239.33
1248.31
1259.92
1273.38
1281.21
1289.25
1322.84
1357.78
1363.95
1370.13
1376.56
1383.01
1383.43
1388.70
1389.10
1394.31
1396.35
1402.96
1407.46
1415.44
1419.53
1433.01
1433.08
1439.42
2994.91
2997.28
3007.37
3009.36
3009.90
3015.39
3022.05
3024.14
3034.59
3039.44
3055.84
3056.04
3064.79
3064.89
3072.39
3076.81
3083.44
3093.27
3153.51
3153.67
$end
