$molecule
 C  -2.37994540 1.06693895 0.16539600
 C  -1.88194098 2.35775077 0.82827454
 H  -2.35104013 2.51307467 1.82940087
 H  -1.83780624 0.89293104 -0.79809659
 C  -2.01868288 3.58463829 -0.04982027
 H  -3.09640935 3.84361924 -0.19171137
 H  -1.50661409 4.45643604 0.42428664
 H  -1.55949486 3.41258364 -1.05255000
 C  -1.30436933 -1.92247072 -0.55297608
 H  -1.32445266 -3.03660334 -0.68091187
 C  -2.46308567 -1.47790666 0.35354322
 H  -3.43420598 -1.51008517 -0.20771982
 C  -2.32358029 -0.14527234 1.09341371
 H  -3.15867730 -0.07188588 1.84453920
 H  -1.36731673 -0.14015249 1.67926994
 C   0.07581053 -1.45406702 -0.10637094
 H   0.11025365 -0.33594927 -0.13098999
 H   0.24167907 -1.80220893 0.94514218
 C   1.20255160 -1.98887932 -1.00141120
 H   1.06820052 -1.59637227 -2.04157959
 H   1.14885251 -3.10419577 -1.04317465
 C   2.59518421 -1.59598540 -0.48287394
 H   3.35896372 -2.03395515 -1.17370163
 H   2.74199565 -2.04737684 0.53252117
 C   2.81564606 -0.08726190 -0.38017108
 H   2.07324150 0.39371063 0.30211717
 C   4.24384179 0.29470950 0.03087751
 H   5.00126186 -0.17736967 -0.63998749
 C   4.45936074 1.79131304 0.14678095
 H   5.47114005 2.00192970 0.56842014
 H   4.38745627 2.27174075 -0.85921434
 H   3.69687268 2.25393262 0.81705137
Cl  -0.10504034 2.11602290 1.14666728
Cl  -1.63154564 -1.27497881 -2.21202047
Cl   2.54645544 0.64581158 -2.01155150
Cl   4.51908884 -0.42454345 1.67485843
Cl  -2.59553414 -2.74699507 1.64407931
Cl  -4.10921374 1.33379855 -0.28263753
$end
$temperature
298.15
$end
$mult
 1
$end
$sigma
 1
$end
$pressure
1.00000
$end
$scale
1.093
$end
$msrrho
$end
$freq
9.74
14.68
25.19
39.33
48.68
52.79
58.25
74.52
84.93
103.61
142.91
151.51
153.14
174.26
183.16
210.23
237.10
243.17
274.58
278.76
292.63
310.94
329.64
344.73
358.56
381.56
395.74
417.10
435.53
493.61
520.67
527.43
566.35
705.82
712.56
715.06
721.63
741.09
796.70
834.08
910.12
933.45
955.29
971.69
1001.93
1022.28
1045.52
1047.52
1060.45
1106.89
1115.32
1121.62
1128.26
1143.01
1149.48
1154.77
1159.38
1167.65
1176.19
1180.77
1184.75
1185.61
1187.22
1198.19
1204.75
1211.52
1221.80
1236.26
1246.26
1251.67
1252.26
1279.81
1286.97
1302.22
1330.05
1336.34
1338.23
1339.58
1348.09
1349.20
1352.34
1355.84
1359.71
1366.61
1383.11
1387.83
1409.70
1410.54
2610.65
2621.12
2630.61
2644.55
2649.77
2651.96
2653.90
2654.68
2656.43
2657.42
2658.69
2664.42
2678.46
2681.79
2756.31
2757.79
2762.67
2768.68
2847.19
2848.02
$end
