$molecule
 C  -1.76567866 1.98255643 0.93640019
 H  -0.86336114 1.50940198 1.39144284
 C  -1.33747624 2.90459089 -0.20023868
 H  -0.76859869 3.77381811 0.21409257
 H  -2.19043209 2.61554219 1.74794884
 C  -2.44469127 3.36945500 -1.11897010
 H  -2.90666947 2.53807744 -1.67115685
 H  -3.24429361 3.87070028 -0.55688579
 H  -2.07353842 4.07716682 -1.87392160
 C  -1.03814386 -0.91156754 0.20873111
 H  -0.28766917 -0.14808213 0.55499306
 C  -2.25607945 -0.17567690 -0.35024727
 H  -2.01625877 0.25528023 -1.35449694
 C  -2.79295515 0.89787966 0.59560703
 H  -3.70583752 1.35359641 0.15944187
 H  -3.13569122 0.41893373 1.54163035
 C  -0.41042589 -1.87392336 -0.79266935
 H  -1.16635446 -2.61655390 -1.13050877
 H  -0.12061769 -1.30670472 -1.70310101
 C   0.80649861 -2.63052817 -0.24154198
 H   1.33939252 -3.11099423 -1.08860950
 H   0.45340832 -3.45866789 0.40957713
 C   1.79428359 -1.77513157 0.56183209
 H   2.63957724 -2.41222673 0.89797053
 H   1.30405865 -1.44579039 1.50478172
 C   2.31200626 -0.58014749 -0.22963882
 H   1.49654096 -0.09060716 -0.81638009
 C   3.05689966 0.45907534 0.61396856
 H   3.88957211 -0.00518034 1.19273869
 C   3.52308573 1.65258232 -0.18985743
 H   2.69529224 2.12955041 -0.73783884
 H   3.96643854 2.42584743 0.45286787
 H   4.28514182 1.37159581 -0.93206637
Cl  -0.10732140 2.03501088 -1.24439773
Cl  -1.50996615 -1.82665606 1.68695906
Cl   3.49633226 -1.19926351 -1.45152738
Cl   1.87144787 1.08363356 1.84874776
Cl  -3.59299504 -1.35063340 -0.64999546
$end
$temperature
298.15
$end
$mult
 1
$end
$sigma
 1
$end
$pressure
1.00000
$end
$scale
1.093
$end
$msrrho
$end
$freq
26.80
40.59
48.38
53.38
80.05
81.75
87.28
105.09
115.84
122.59
159.54
180.41
181.19
191.02
198.69
224.64
258.51
290.13
293.63
323.76
334.61
349.30
354.77
384.43
388.93
419.58
470.26
500.31
523.08
563.52
586.67
631.63
675.05
706.99
723.69
767.19
834.43
879.75
906.82
938.20
954.41
970.53
1009.41
1019.03
1024.91
1033.32
1050.18
1088.54
1113.80
1122.31
1131.45
1138.85
1141.68
1154.84
1160.07
1165.15
1175.00
1179.47
1182.60
1195.28
1201.23
1206.61
1211.54
1216.74
1233.46
1239.48
1240.68
1244.59
1246.92
1249.34
1254.43
1258.21
1261.69
1264.21
1277.41
1283.00
1285.90
1291.80
1294.18
1296.41
1302.30
1325.61
1338.40
1338.98
1344.76
1351.20
1353.30
2630.75
2645.28
2647.47
2651.59
2655.97
2659.48
2664.09
2665.77
2671.54
2676.46
2684.09
2688.76
2690.65
2692.64
2726.52
2729.91
2733.00
2734.80
2735.37
2784.34
2784.96
$end
