$molecule
 C   3.00370258 0.68496536 -0.97639243
 H   2.35832131 0.15367412 -1.71089112
 C   2.35981741 2.01690681 -0.60265897
 H   2.42208930 2.72136466 -1.46870492
 H   3.94477554 0.90325498 -1.52831976
 C   2.88314628 2.67062130 0.65696777
 H   3.96943981 2.82209452 0.60348732
 H   2.41547450 3.65013577 0.82815512
 H   2.68239298 2.06464646 1.55244159
 C   1.07486218 -1.43601480 0.19292898
 H   0.87950459 -0.91379326 -0.77565763
 C   2.13729550 -0.71451808 1.01432925
 H   1.68031284 0.16682982 1.51275009
 H   2.48868868 -1.36868420 1.83973605
 C   3.33994924 -0.27054461 0.17566143
 H   4.09194298 0.19610107 0.84235663
 H   3.83527043 -1.17086161 -0.25046543
 C  -0.22014628 -1.66507507 0.96406376
 H  -0.07651286 -2.43815698 1.74599692
 H  -0.49104763 -0.73543325 1.51196561
 C  -1.38021454 -2.06976082 0.04645920
 H  -2.24228463 -2.39164289 0.66663775
 H  -1.09135744 -2.96091926 -0.54853570
 C  -1.81377284 -0.94509772 -0.90253977
 H  -2.56818046 -1.33576835 -1.61524109
 H  -0.94518721 -0.62750358 -1.52110405
 C  -2.36381912 0.27418168 -0.16921774
 H  -1.69433676 0.57369390 0.67324153
 C  -2.65411431 1.44950819 -1.09973322
 H  -1.80884308 1.58445169 -1.80736868
 H  -3.53817290 1.23025614 -1.73337024
 C  -2.87747410 2.73922521 -0.31722453
 H  -3.14623160 3.56648247 -0.98334666
 H  -3.69045669 2.62750167 0.41309555
 H  -1.97529515 3.03798960 0.23160734
Cl   0.55999935 1.76499500 -0.37582528
Cl   1.74516507 -3.06345090 -0.28646181
Cl  -3.93143115 -0.20523624 0.62759622
$end
$temperature
298.15
$end
$mult
 1
$end
$sigma
 1
$end
$pressure
1.00000
$end
$scale
1.093
$end
$msrrho
$end
$freq
21.13
33.02
41.38
70.73
72.58
82.95
97.18
120.44
139.88
146.06
168.05
182.39
205.63
247.22
267.91
297.34
315.16
342.99
346.58
378.77
393.49
404.26
461.78
473.16
484.81
516.38
585.71
636.10
638.40
649.86
819.06
834.81
873.87
896.41
925.33
942.17
962.21
965.82
992.20
1017.39
1026.63
1038.77
1069.45
1081.54
1106.16
1116.19
1125.72
1136.15
1144.74
1148.32
1155.50
1164.24
1179.17
1180.51
1191.56
1203.07
1203.97
1208.30
1216.71
1223.21
1226.59
1235.81
1243.93
1245.38
1249.59
1253.73
1261.07
1264.49
1268.28
1274.01
1277.03
1282.67
1296.35
1298.51
1300.99
1303.42
1306.65
1313.73
1321.08
1325.65
1332.57
1337.34
1338.01
1343.31
1353.06
2638.22
2645.14
2651.16
2655.82
2657.34
2658.72
2660.97
2663.26
2668.79
2672.41
2687.85
2692.02
2693.53
2696.22
2727.89
2731.33
2731.84
2734.94
2736.48
2737.48
2739.80
2783.89
2785.48
$end
