$molecule
 H   1.66760859 -0.30436686 -0.84665170
 C   0.98158063 0.02058891 -0.05215049
 C   1.73012115 0.31509618 1.22420871
 H   0.44053424 0.90340932 -0.41836719
 H   0.24522639 -0.77841545 0.10267876
 C   2.73846358 1.44015291 1.06328443
Cl   0.52690765 0.82261727 2.45212785
 H   2.24273261 -0.59772702 1.61136067
 C   3.51949945 1.70464325 2.34071211
Cl   3.89662689 0.98971923 -0.21980693
 H   2.22836509 2.38851070 0.74533388
 C   4.37660925 2.95529586 2.22920657
Cl   4.59273327 0.32378351 2.66141262
 H   2.81233233 1.80633439 3.20351505
 C   3.52884418 4.21096979 2.09200002
Cl   5.37529230 3.08347366 3.69230856
 H   5.06361886 2.87646957 1.34218293
 C   4.37028582 5.42129209 1.71937864
Cl   2.72393147 4.54436811 3.63946375
 H   2.73501234 4.03496300 1.31507496
 C   4.97875516 5.27646561 0.33388217
Cl   3.32375727 6.85804127 1.74469648
 H   5.17995624 5.56418169 2.48032134
 C   5.98354981 6.37385361 0.02609787
Cl   3.65727142 5.35523734 -0.86626751
 H   5.46467873 4.26598934 0.24636533
 C   6.59142945 6.22415993 -1.35861102
Cl   7.30294112 6.28774848 1.22799186
 H   5.49285764 7.37612080 0.12160811
 C   7.47564544 7.40410942 -1.72928422
Cl   7.58826818 4.74069112 -1.37231829
 H   5.78013431 6.09701557 -2.11735361
 C   8.10846633 7.24644008 -3.08975200
Cl   6.44677357 8.87155657 -1.77725004
 H   8.25002598 7.56170116 -0.94099769
 H   7.35261589 7.13731501 -3.87907139
 H   8.75672048 6.35981999 -3.12302047
 H   8.72302304 8.12109616 -3.33835693
$end
$temperature
298.15
$end
$mult
 1
$end
$sigma
 1
$end
$pressure
1.00000
$end
$scale
0.953
$end
$msrrho
$end
$freq
15.98
18.63
22.16
32.37
43.51
52.52
55.54
58.63
63.28
91.21
96.83
104.22
122.75
128.84
149.25
153.15
163.30
163.88
168.00
171.47
180.24
181.96
202.79
211.42
244.15
263.34
274.73
288.37
299.46
299.95
355.75
371.60
390.58
392.16
431.10
471.92
478.86
526.63
556.85
580.65
610.80
652.28
661.75
669.38
693.97
696.69
730.91
764.29
791.37
817.57
831.97
951.86
955.09
1021.25
1021.81
1082.86
1087.82
1090.56
1101.19
1111.80
1121.27
1123.01
1126.72
1131.92
1138.16
1143.94
1146.49
1150.85
1158.25
1163.01
1166.65
1176.83
1190.30
1197.92
1203.85
1206.02
1210.63
1213.46
1244.90
1260.36
1277.67
1291.87
1325.70
1352.82
1374.71
1389.57
1389.84
1393.50
1396.77
1398.21
1404.47
1405.96
2820.70
2827.56
2841.91
2853.81
2868.64
2869.93
2870.31
2887.56
2905.87
2905.99
3077.02
3077.05
3084.83
3085.01
3174.49
3174.52
$end
