$molecule
 C   2.15588253 -2.41319429 -0.27969064
 H   2.84558732 -2.53789996 0.57997834
 C   0.74424341 -2.21190354 0.23697968
 H   0.61331781 -1.17423809 0.64830463
 H   2.20246263 -3.36859613 -0.84041193
 C   0.33646948 -3.24478662 1.25614515
 H  -0.67738328 -3.03840135 1.62947722
 H   0.34125535 -4.25829336 0.83440619
 H   1.01604697 -3.23968869 2.11846569
 C   2.17644016 0.86989623 0.11172242
 H   1.47244983 0.36192936 0.82968848
 C   3.22378466 -0.09852071 -0.41271873
 H   3.91825451 0.45308662 -1.07865313
 H   3.84509537 -0.45744719 0.43242406
 C   2.62291373 -1.27302039 -1.17284227
 H   1.77789759 -0.91070816 -1.80516988
 H   3.38280745 -1.66326279 -1.87727977
 C   1.37402274 1.52155303 -0.99973468
 H   2.04875869 2.09787512 -1.66379664
 H   0.95156081 0.70685196 -1.63412249
 C   0.27973895 2.43950084 -0.47909465
 H  -0.26177749 2.88812083 -1.33653297
 H   0.75310933 3.28473275 0.06189976
 C  -0.70660447 1.75831556 0.45624760
 H  -1.26679188 2.52507742 1.02669990
 H  -0.13751969 1.16114053 1.20829616
 C  -1.68342795 0.84154012 -0.25450849
 H  -1.13637636 0.05617377 -0.83646821
 C  -2.68453580 0.19598421 0.69238211
 H  -3.32984350 0.97389228 1.16232804
 C  -3.51100757 -0.86021869 0.00046974
 H  -4.07989170 -0.42560434 -0.83286976
 H  -2.87455474 -1.66087041 -0.40830642
 H  -4.22589849 -1.32201431 0.69268598
Cl  -0.38431936 -2.35693590 -1.16198918
Cl   3.04138673 2.14572196 1.02483194
Cl  -2.63577493 1.81197276 -1.42484225
Cl  -1.79425043 -0.61636110 2.02647247
$end
$temperature
298.15
$end
$mult
 1
$end
$sigma
 1
$end
$pressure
1.00000
$end
$scale
0.953
$end
$msrrho
$end
$freq
27.54
41.81
46.71
67.94
77.10
84.96
103.03
113.31
134.01
162.12
180.20
186.04
203.95
219.09
249.00
280.52
284.72
303.70
327.10
332.96
348.90
379.84
391.23
402.23
433.12
471.94
496.09
509.96
525.71
600.59
650.85
679.77
700.67
835.52
861.12
865.94
912.94
932.71
949.11
958.80
983.75
997.15
1005.60
1019.29
1037.06
1053.17
1074.02
1083.24
1105.85
1115.43
1121.35
1139.08
1144.32
1146.75
1150.24
1160.62
1164.54
1166.07
1172.68
1176.79
1192.63
1202.80
1205.19
1214.88
1220.94
1250.23
1291.35
1298.93
1302.17
1325.28
1356.86
1373.63
1379.63
1386.21
1387.92
1391.25
1393.28
1394.08
1395.35
1395.72
1401.04
1403.69
1406.14
1412.81
1419.29
1424.79
2821.59
2863.11
2865.82
2898.84
2903.19
2917.26
2920.46
2947.26
2948.00
2950.22
3006.12
3009.47
3012.47
3021.24
3027.17
3030.39
3056.22
3068.47
3082.66
3083.31
3164.45
3168.92
$end
