$molecule
 H  -0.18087891 -1.25202994 -0.14741732
 C  -0.01162297 -0.28641095 0.34897041
 C   1.46319867 0.01739160 0.45203732
 H  -0.48616446 -0.33254955 1.33842537
 H  -0.53193255 0.48587795 -0.23173881
 C   2.21417530 -1.02269511 1.26717831
Cl   1.63135371 1.60255703 1.27217267
 H   1.91983361 0.11683841 -0.55995088
 C   3.69652576 -0.71426535 1.37218313
Cl   2.03932662 -2.60181226 0.43299015
 H   1.76386602 -1.12660962 2.28404218
 C   4.40287986 -1.67448740 2.31215719
 H   3.83732973 0.33002558 1.72824188
 H   4.16335929 -0.76236917 0.36699916
 C   5.90758770 -1.46683048 2.30346294
Cl   3.80336057 -1.39511532 3.97375373
 H   4.16161351 -2.73287961 2.03851885
 C   6.63489594 -2.51007357 3.13777656
Cl   6.25074995 0.14898568 2.98531359
 H   6.29632363 -1.48634679 1.25566897
 C   8.13899158 -2.29698160 3.14129981
Cl   6.30348313 -4.12312014 2.44265592
 H   6.24227942 -2.49827641 4.18686382
 C   8.84879889 -3.24173534 4.09821552
Cl   8.74642651 -2.59785472 1.48663449
 H   8.37728054 -1.23562169 3.40813579
 C  10.35393012 -3.03295151 4.10124899
Cl   8.23861999 -2.93706839 5.75016396
 H   8.61226625 -4.30391890 3.83291241
 C  11.07768093 -4.07984202 4.93306615
Cl  10.69365557 -1.42217519 4.79665082
 H  10.73939265 -3.03975528 3.05175217
 C  12.57010999 -3.86134971 4.96552281
Cl  10.78218845 -5.68259545 4.18515968
 H  10.65196618 -4.10667221 5.96452774
 H  13.06624855 -4.64063899 5.55800548
 H  12.81683830 -2.88932766 5.41469359
 H  13.00565860 -3.88361362 3.95751439
$end
$temperature
298.15
$end
$mult
 1
$end
$sigma
 1
$end
$pressure
1.00000
$end
$scale
0.953
$end
$msrrho
$end
$freq
14.44
18.87
24.84
26.66
38.12
51.39
56.55
62.48
68.22
80.05
97.10
114.65
126.06
131.08
146.32
159.08
167.35
170.73
171.76
180.47
184.01
224.97
260.40
267.12
284.35
292.39
296.74
312.14
331.39
346.29
364.57
390.99
423.73
448.88
466.02
489.57
550.87
594.67
609.37
640.99
649.38
665.66
684.30
688.64
701.69
741.68
786.20
819.81
945.73
951.89
960.26
1020.92
1021.24
1071.86
1077.86
1088.96
1095.05
1109.12
1117.25
1124.55
1126.94
1129.42
1134.89
1140.18
1145.32
1147.01
1149.60
1152.60
1156.59
1176.98
1178.84
1185.31
1194.57
1203.70
1206.10
1208.75
1211.28
1212.59
1248.24
1297.34
1328.42
1356.03
1371.37
1378.10
1389.66
1389.82
1394.11
1396.74
1400.98
1404.79
1408.69
2864.70
2867.81
2872.06
2872.47
2887.49
2892.40
2898.18
2906.06
2919.53
2933.26
3007.98
3076.76
3076.83
3084.92
3085.19
3174.37
3174.68
$end
