$molecule
 C   3.01834168 0.69113222 -0.95497694
 H   2.33862217 0.18818270 -1.67840175
 C   2.44574370 2.05604018 -0.58437160
 H   2.52356575 2.74611427 -1.46073828
 H   3.96111989 0.85982530 -1.52195741
 C   3.02083188 2.70325993 0.65566049
 H   4.10973166 2.82147283 0.57468759
 H   2.59074183 3.69991558 0.82837422
 H   2.82364600 2.11482163 1.56299932
 C   1.04477739 -1.42175803 0.18968579
 H   0.83311340 -0.86941744 -0.75832574
 C   2.10952123 -0.71238345 1.01929110
 H   1.65429417 0.17044169 1.51688336
 H   2.45015274 -1.37231238 1.84481220
 C   3.32566916 -0.27469708 0.19625579
 H   4.07511627 0.17748223 0.87592122
 H   3.81847604 -1.17679388 -0.22928130
 C  -0.23783054 -1.69078468 0.96944025
 H  -0.06961007 -2.47651665 1.73461863
 H  -0.51902278 -0.77944014 1.54150440
 C  -1.40538139 -2.10428294 0.06522625
 H  -2.26020928 -2.42132730 0.69855632
 H  -1.12118928 -3.00232277 -0.52204024
 C  -1.85730043 -0.99712564 -0.89553455
 H  -2.63031325 -1.40289806 -1.58043276
 H  -1.00627078 -0.70109050 -1.54677560
 C  -2.38680755 0.24142151 -0.17859526
 H  -1.70204716 0.55487382 0.64577966
 C  -2.67936380 1.40192771 -1.12702334
 H  -1.80997708 1.55170306 -1.80281107
 H  -3.53559286 1.15410872 -1.78740144
 C  -2.96253383 2.69574675 -0.37097465
 H  -3.22099029 3.50818052 -1.05945829
 H  -3.80265001 2.57963133 0.32699428
 H  -2.09122333 3.02293014 0.21016397
Cl   0.64031666 1.89046725 -0.32652448
Cl   1.72542411 -3.02692659 -0.34503799
Cl  -3.94551650 -0.21349280 0.64695873
$end
$temperature
298.15
$end
$mult
 1
$end
$sigma
 1
$end
$pressure
1.00000
$end
$scale
1.093
$end
$msrrho
$end
$freq
7.05
30.23
37.23
47.31
55.67
65.07
90.25
108.56
118.21
141.69
156.37
174.29
186.14
224.40
255.90
284.69
305.47
335.87
341.32
364.59
385.69
393.43
452.88
463.09
477.16
511.85
578.96
635.44
635.91
647.04
810.66
824.42
860.90
892.36
920.80
938.01
957.85
961.20
987.96
1013.98
1022.68
1032.51
1060.64
1077.90
1103.10
1110.21
1121.24
1129.58
1139.26
1145.89
1151.97
1160.69
1171.85
1179.91
1188.40
1199.43
1199.83
1204.69
1207.20
1213.88
1219.02
1227.15
1237.83
1242.49
1245.69
1249.55
1259.17
1261.48
1264.94
1268.51
1272.53
1281.77
1286.73
1288.29
1291.94
1295.66
1298.82
1310.67
1315.43
1323.01
1331.07
1335.19
1336.33
1342.75
1348.20
2641.99
2648.67
2652.83
2657.50
2658.67
2660.00
2662.09
2664.75
2669.17
2673.50
2690.09
2691.52
2693.57
2696.25
2728.80
2732.79
2733.27
2736.04
2737.64
2738.06
2739.73
2786.24
2786.88
$end
