$molecule
 H  -0.06327676 -1.02411351 -0.61819717
 C  -0.01354735 -0.24356014 0.15559335
 C   1.41433006 0.13619798 0.48514663
 H  -0.55685458 -0.61938344 1.03400817
 H  -0.58176795 0.61893444 -0.22342325
 C   2.18718097 -0.97988380 1.19857770
Cl   1.35303141 1.53859595 1.62771824
 H   1.96025199 0.48830349 -0.42299904
 C   3.64365936 -0.62213425 1.47713458
Cl   2.17485169 -2.40579669 0.08495830
 H   1.65940448 -1.29576273 2.13419203
 C   4.34869609 -1.70149043 2.29825453
 H   3.69207128 0.35659979 2.01691388
 H   4.19166416 -0.44508254 0.52630511
 C   5.87230973 -1.53556080 2.26820736
Cl   3.72247231 -1.61015809 3.98305117
 H   4.08431675 -2.73081558 1.93088854
 C   6.61822918 -2.47424039 3.22495135
Cl   6.30891382 0.14933611 2.70103288
 H   6.22207031 -1.69516253 1.21037004
 C   8.14139000 -2.30584603 3.17189509
Cl   6.19840574 -4.15425766 2.75576376
 H   6.25468217 -2.32183417 4.28002780
 C   8.88836437 -3.26492685 4.10964824
Cl   8.70907714 -2.63738494 1.50109413
 H   8.41690099 -1.24018686 3.40844961
 C  10.41051350 -3.09979898 4.05471107
Cl   8.32016874 -2.93221302 5.77810296
 H   8.61756420 -4.33315152 3.87670304
 C  11.16152083 -4.03748662 5.01119296
Cl  10.84764888 -1.41948096 4.50596854
 H  10.77844556 -3.25924677 3.00481834
 C  12.66296113 -3.85557723 4.95473881
Cl  10.79576458 -5.72557709 4.46719601
 H  10.78476050 -3.94839438 6.06003427
 H  13.18266971 -4.63605007 5.53118728
 H  12.97477191 -2.88845270 5.37748392
 H  13.05376574 -3.90651604 3.92920594
$end
$temperature
298.15
$end
$mult
 1
$end
$sigma
 1
$end
$pressure
1.00000
$end
$scale
1.093
$end
$msrrho
$end
$freq
13.78
22.21
23.64
29.22
39.14
46.28
55.68
60.55
63.35
75.29
99.46
116.18
122.70
131.78
149.54
161.01
168.38
173.44
178.34
184.09
188.86
254.64
289.21
291.01
304.90
311.73
319.90
322.90
361.37
380.91
396.64
407.30
445.28
469.84
482.91
505.58
561.50
623.73
653.00
698.18
724.22
728.91
739.57
744.39
770.69
794.89
814.17
832.58
958.74
971.08
976.88
1049.29
1051.57
1072.02
1077.39
1108.78
1124.52
1130.93
1135.84
1142.00
1144.48
1146.95
1155.25
1160.47
1163.00
1167.84
1179.30
1183.06
1187.39
1196.39
1204.68
1204.77
1215.27
1224.75
1237.30
1238.25
1250.89
1251.62
1256.87
1263.38
1267.99
1276.91
1292.21
1298.51
1302.31
1312.66
1325.79
1335.19
1349.50
1350.35
1370.04
2617.93
2621.25
2627.32
2633.33
2637.29
2639.97
2644.88
2654.92
2660.14
2669.99
2680.60
2681.93
2690.54
2691.89
2723.49
2783.68
2783.99
$end
