$molecule
 H  -0.10433825 -0.85968232 0.05474030
 C   0.03385477 -0.27804840 0.98092476
 C   1.49278110 -0.05651848 1.27141266
 H  -0.47929077 -0.82351164 1.78725384
 H  -0.50410722 0.67318630 0.85391420
 C   2.25274362 -1.33193031 1.53772815
Cl   1.57039814 0.86987899 2.89199650
 H   1.99170518 0.60695068 0.53153835
 C   3.70652099 -1.11343447 1.89188087
Cl   2.24748721 -2.18385646 -0.12531488
 H   1.73352125 -2.02820080 2.23730367
 C   4.41969443 -2.43588834 2.06282647
 H   3.76962930 -0.49965360 2.82150561
 H   4.21851752 -0.51017970 1.10919545
 C   5.86881600 -2.27779201 2.46579984
Cl   3.59354904 -3.26993997 3.52779306
 H   4.26750886 -3.13954084 1.20882749
 C   6.52328222 -3.63463425 2.61480842
 H   5.95472902 -1.70542487 3.41638478
 H   6.41254650 -1.66582109 1.70816312
 C   7.93965228 -3.54930367 3.12459459
Cl   6.58529928 -4.35512895 0.90830695
 H   5.91461558 -4.35663833 3.21946144
 C   8.68499959 -4.85872309 3.03713371
Cl   8.88147909 -2.39667249 2.02762663
 H   7.98417646 -3.09826024 4.14812503
 C  10.10719863 -4.76216987 3.52991409
Cl   7.75944973 -5.97873751 4.17521339
 H   8.63626332 -5.33442861 2.02025080
 C  10.78398598 -6.10450769 3.66190478
Cl  10.06698270 -4.08053611 5.24957652
 H  10.69599116 -4.02828935 2.92496429
 C  12.21015520 -6.01207820 4.12832994
Cl  10.84036207 -6.72333100 1.90189351
 H  10.17794271 -6.85147421 4.22499555
 H  12.26994113 -5.62319134 5.15796149
 H  12.70027043 -6.99734507 4.12277943
 H  12.82289605 -5.35306413 3.49508909
$end
$temperature
298.15
$end
$mult
 1
$end
$sigma
 1
$end
$pressure
1.00000
$end
$scale
1.0
$end
$msrrho
$end
$freq
14.33
22.94
29.21
31.84
49.31
53.24
60.61
65.50
75.10
92.12
96.40
113.05
123.60
144.50
157.56
162.43
166.88
172.20
176.96
194.00
234.58
242.63
261.91
271.37
282.37
296.19
312.30
320.19
339.59
368.47
379.93
424.05
444.86
471.66
532.29
550.60
575.56
588.81
607.36
620.38
622.45
647.57
649.46
686.60
749.64
915.89
971.73
973.42
977.57
1021.99
1022.36
1089.55
1099.81
1101.40
1107.87
1120.51
1123.79
1134.99
1136.96
1150.61
1154.96
1158.60
1161.28
1166.07
1170.40
1180.07
1195.58
1197.54
1203.34
1208.08
1216.13
1224.51
1228.46
1237.11
1241.64
1249.10
1263.73
1264.44
1268.36
1270.33
1276.66
1281.49
1281.98
1319.97
1330.91
1342.54
1354.69
1378.41
1389.89
1399.83
2868.30
2885.85
2906.77
2908.04
2913.10
2913.88
2923.57
2935.53
2941.96
2963.87
2967.67
2970.42
3010.05
3010.75
3021.57
3022.40
3074.26
3074.44
$end
