$molecule
 H   0.66452231 -1.16730176 -0.06535562
 C   0.58721544 -0.69890030 0.92408967
 C   1.95279157 -0.48944725 1.53141310
 H   0.05643449 0.25438199 0.80244210
 H  -0.03518870 -1.35029532 1.55381488
 C   1.88011046 0.07410125 2.93925471
Cl   2.78576538 -2.07221125 1.59244331
 H   2.56862840 0.18195669 0.88832193
 C   3.25624509 0.37995370 3.50224274
Cl   1.09292545 -1.13423973 3.99909098
 H   1.24414073 0.99252038 2.94961288
 C   3.17236713 1.07831503 4.84548910
 H   3.83251056 -0.56474517 3.59859414
 H   3.82645349 1.01602926 2.79285039
 C   4.53685785 1.24890243 5.49014831
Cl   2.44680699 2.69546008 4.60446992
 H   2.50683207 0.51120293 5.55212755
 C   4.43396026 1.78007775 6.91085029
Cl   5.49064752 2.41060906 4.53162468
 H   5.08455623 0.27468517 5.48829466
 C   3.78019811 0.76337649 7.82952980
 H   3.84865929 2.72402452 6.91153846
 H   5.44366032 2.04503825 7.28353893
 C   3.46730018 1.34396553 9.19454997
Cl   4.91990724 -0.60623384 8.04837950
 H   2.85341716 0.35206401 7.34534968
 C   2.66240480 0.37757526 10.04588036
 H   2.90335204 2.29451624 9.08366902
 H   4.41099129 1.60728648 9.71467753
 C   2.48000391 0.88313889 11.46581333
Cl   1.04912058 0.17652961 9.29902285
 H   3.15238126 -0.62631850 10.05939087
 C   1.76531971 -0.11380837 12.34491127
Cl   1.50601002 2.38354722 11.41671719
 H   3.47157591 1.14856334 11.90152449
 H   2.35171595 -1.03492156 12.45877738
 H   1.59227842 0.29866531 13.34706755
 H   0.78781211 -0.38948276 11.92444400
$end
$temperature
298.15
$end
$mult
 1
$end
$sigma
 1
$end
$pressure
1.00000
$end
$scale
0.953
$end
$msrrho
$end
$freq
15.77
19.42
25.13
35.25
42.19
53.42
57.50
74.45
86.37
95.49
110.65
128.66
149.92
156.55
163.73
175.42
177.80
178.99
191.84
210.74
238.41
275.37
293.00
307.06
341.90
358.83
374.56
414.95
428.89
467.03
491.69
526.70
543.16
552.91
557.90
606.60
610.58
617.94
646.63
699.93
700.20
764.52
901.24
949.21
952.87
957.04
963.84
1013.23
1013.65
1043.82
1072.96
1077.92
1090.47
1102.28
1108.98
1110.90
1113.11
1119.89
1134.81
1139.75
1146.34
1154.29
1155.48
1162.96
1176.90
1181.42
1191.15
1193.59
1203.33
1204.11
1204.98
1212.03
1215.59
1255.34
1280.95
1310.16
1337.51
1366.53
1373.68
1375.19
1383.99
1390.59
1391.05
1395.55
1396.05
1398.99
1404.00
1409.32
1416.06
2820.01
2847.58
2891.97
2894.87
2895.07
2913.18
2913.19
2938.64
2942.81
2947.88
3009.57
3016.02
3023.24
3075.89
3076.04
3086.27
3086.28
3174.44
3174.49
$end
