$molecule
 C  -2.24543792 1.04608532 0.21704656
 C  -1.73923931 2.27897961 0.92265201
 H  -2.16610836 2.42225977 1.93841119
 H  -1.76895735 0.89485504 -0.78136574
 C  -1.76447993 3.51979860 0.07664902
 H  -2.79876804 3.81287923 -0.16886891
 H  -1.29605971 4.37235264 0.59082714
 H  -1.22965481 3.39434779 -0.87706165
 C  -1.26821499 -1.91920607 -0.55420486
 H  -1.36148661 -3.00236200 -0.80237358
 C  -2.43293355 -1.44852176 0.28558064
 H  -3.39066061 -1.45310113 -0.28626666
 C  -2.26193223 -0.18364555 1.09924873
 H  -3.09516244 -0.11317967 1.83821662
 H  -1.35425588 -0.22766345 1.74480096
 C   0.10350956 -1.55168802 -0.04530297
 H   0.20622135 -0.44616196 0.07561351
 H   0.23146398 -1.97333405 0.97727864
 C   1.19944897 -2.05844484 -0.97930294
 H   1.03560461 -1.68725476 -2.01654122
 H   1.16527432 -3.16514326 -1.05987257
 C   2.56999079 -1.61674957 -0.47176622
 H   3.37269738 -2.09832839 -1.07091384
 H   2.74168817 -1.97083170 0.57017978
 C   2.70474054 -0.11148346 -0.52730327
 H   1.80476357 0.42950753 -0.14239093
 C   3.99965032 0.41543722 0.03666597
 H   4.89844852 -0.10474337 -0.35899435
 C   4.10755146 1.91485270 -0.00195750
 H   5.02052579 2.27008806 0.49832662
 H   4.13551099 2.28555893 -1.03964143
 H   3.26072582 2.41102804 0.49712892
Cl   0.08050873 1.88701298 1.21602889
Cl  -1.49811947 -1.05568731 -2.19904289
Cl   2.81496089 0.33623990 -2.33958803
Cl   3.92331296 -0.04892477 1.84992530
Cl  -2.59340129 -2.79792631 1.56617095
Cl  -4.03252858 1.43120896 -0.14243498
$end
$temperature
298.15
$end
$mult
 1
$end
$sigma
 1
$end
$pressure
1.00000
$end
$scale
1.0
$end
$msrrho
$end
$freq
17.24
20.51
25.84
45.13
51.91
61.33
62.58
79.04
100.08
104.75
138.21
155.70
167.34
173.23
180.05
197.12
208.61
214.76
242.35
246.43
275.77
290.04
309.55
314.45
327.54
335.16
375.64
387.77
428.20
485.54
504.41
530.81
569.43
600.14
607.66
628.78
646.17
648.36
717.68
841.94
919.76
945.68
966.62
976.73
1015.75
1017.34
1022.49
1025.15
1072.85
1088.29
1105.41
1118.94
1127.00
1129.61
1136.76
1144.22
1153.16
1162.13
1162.93
1167.41
1176.22
1177.69
1184.42
1187.77
1195.16
1204.95
1208.39
1220.91
1243.00
1259.83
1263.31
1264.62
1271.95
1279.94
1281.69
1282.19
1289.30
1297.01
1305.13
1314.52
1320.24
1324.50
1331.82
1343.02
1348.59
1384.80
1387.82
1393.51
2886.80
2900.90
2909.15
2919.63
2921.91
2934.42
2937.97
2943.33
2957.16
2968.44
2968.83
2974.27
2981.29
2989.40
3007.65
3009.27
3020.10
3022.01
3071.84
3073.55
$end
