$molecule
 H   0.65849760 -0.97596888 -0.30602939
 C   0.69546530 -1.00798699 0.79315800
 C   1.92131210 -0.30712813 1.33464796
 H  -0.23198279 -0.54763054 1.16148586
 H   0.65390915 -2.07332226 1.07200273
 C   1.94890217 -0.21738127 2.85331840
Cl   3.36448940 -1.20291548 0.76924990
 H   2.03274554 0.71127333 0.88936579
 C   3.21939968 0.42960249 3.38837306
Cl   1.83706924 -1.85503175 3.56074437
 H   1.03037449 0.30815409 3.21283455
 C   3.08676503 0.79038770 4.86042024
 H   4.09844905 -0.24433607 3.24396891
 H   3.47101246 1.32756284 2.77585514
 C   4.41430532 1.11887234 5.52218612
Cl   1.99687767 2.20289108 4.98470179
 H   2.56747994 -0.02157697 5.42992201
 C   4.30651738 1.66885446 6.94116313
Cl   5.26378978 2.36445403 4.55963521
 H   5.08899150 0.22662372 5.48359378
 C   3.42799306 0.81825106 7.84580234
 H   3.90294043 2.71122184 6.92985732
 H   5.32790354 1.77351789 7.37453062
 C   3.46982009 1.29412768 9.28988135
Cl   4.06109240 -0.86492712 7.80897271
 H   2.38394917 0.73823164 7.46537109
 C   2.43939922 0.57749958 10.15322048
 H   3.30460761 2.39908518 9.31828678
 H   4.48795243 1.16220359 9.72015279
 C   2.66491175 0.78112192 11.64400698
Cl   0.82765438 1.19542652 9.69225671
 H   2.39499332 -0.51693492 9.93002123
 C   1.59958037 0.14669385 12.50973397
Cl   2.69506921 2.53531233 12.00282170
 H   3.68261092 0.42076047 11.92953001
 H   1.47605329 -0.92200713 12.28469751
 H   1.84148546 0.22666112 13.58011605
 H   0.60981044 0.61450253 12.38174306
$end
$temperature
298.15
$end
$mult
 1
$end
$sigma
 1
$end
$pressure
1.00000
$end
$scale
1.093
$end
$msrrho
$end
$freq
14.54
17.21
24.42
31.15
43.22
50.09
53.89
68.64
74.22
90.64
109.14
120.39
150.43
155.92
168.80
173.64
175.86
190.29
208.19
226.57
237.14
250.44
292.12
312.63
348.21
355.90
373.96
399.34
414.59
473.90
500.95
528.34
542.24
555.36
560.77
659.08
669.87
672.46
696.82
739.65
740.60
775.99
934.46
959.45
974.08
992.67
1003.57
1044.77
1060.05
1060.37
1100.15
1101.97
1127.40
1133.25
1142.67
1149.03
1152.74
1158.06
1160.19
1171.37
1175.56
1178.54
1182.53
1199.29
1205.38
1205.78
1206.10
1217.93
1241.76
1253.37
1275.82
1276.20
1276.60
1278.39
1280.28
1284.61
1285.78
1289.00
1291.33
1294.48
1301.22
1307.06
1320.36
1329.83
1358.58
1382.18
1393.00
1398.08
1398.24
2624.77
2627.92
2631.25
2646.97
2651.30
2651.31
2655.44
2656.24
2657.74
2664.62
2668.45
2668.84
2672.91
2673.65
2720.30
2720.75
2728.01
2776.40
2776.78
$end
