$molecule
 C   3.10386996 0.70193227 -0.85723186
 H   2.43602996 0.23213730 -1.62396970
 C   2.56945415 2.09392148 -0.52676250
 H   2.68690294 2.75834562 -1.42057858
 H   4.11038046 0.84522213 -1.33463325
 C   3.13920984 2.76047788 0.70941929
 H   4.25035910 2.80826566 0.63538637
 H   2.73722802 3.79717605 0.80621313
 H   2.86440423 2.19861152 1.63238997
 C   0.96422867 -1.36641603 0.16775853
 H   0.71185645 -0.72412590 -0.70615387
 C   2.02308704 -0.71033870 1.05043455
 H   1.56066889 0.18813316 1.53160913
 H   2.32036664 -1.42601270 1.85818647
 C   3.29543001 -0.28682722 0.30284632
 H   4.00038619 0.15648097 1.04758693
 H   3.77693998 -1.20710035 -0.12126673
 C  -0.28487689 -1.77089507 0.94709803
 H  -0.04048699 -2.63484875 1.61678806
 H  -0.59897971 -0.91845302 1.59971864
 C  -1.46260533 -2.18231544 0.05094429
 H  -2.30556248 -2.49606604 0.71795174
 H  -1.15192856 -3.06569693 -0.56263291
 C  -1.97609611 -1.09786117 -0.90943725
 H  -2.86896944 -1.51071831 -1.44516663
 H  -1.19102659 -0.87720619 -1.67431618
 C  -2.36682506 0.21124074 -0.22751209
 H  -1.54999203 0.60101929 0.42308185
 C  -2.83319947 1.28159787 -1.21561652
 H  -2.06890995 1.37198203 -2.02822834
 H  -3.80432119 0.97221244 -1.67464343
 C  -3.00225982 2.64487764 -0.54328806
 H  -3.36797023 3.38812705 -1.28585897
 H  -3.74181578 2.57517067 0.28813739
 H  -2.03017471 2.99868355 -0.13056187
Cl   0.75306940 2.00392254 -0.31108721
Cl   1.67952070 -2.87810070 -0.56030252
Cl  -3.74373427 -0.14137548 0.91202801
$end
$temperature
298.15
$end
$mult
 1
$end
$sigma
 1
$end
$pressure
1.00000
$end
$scale
1.093
$end
$msrrho
$end
$freq
14.91
27.22
45.13
50.50
57.74
71.08
82.72
113.17
131.16
154.78
176.29
187.60
198.84
228.60
255.55
288.46
302.27
341.62
346.05
362.43
392.43
401.58
455.29
462.44
477.02
524.24
581.30
636.65
638.52
646.64
806.56
825.92
867.42
891.94
922.54
946.98
959.15
966.09
995.38
1008.25
1025.17
1034.00
1059.54
1080.70
1104.47
1118.21
1124.18
1131.44
1136.45
1141.39
1151.34
1158.19
1171.76
1181.98
1191.11
1200.20
1204.13
1204.48
1211.17
1213.59
1234.00
1256.42
1261.70
1266.83
1282.24
1313.87
1321.90
1329.33
1337.47
1341.84
1344.95
1350.57
1354.08
1354.82
1357.15
1360.27
1367.15
1369.09
1371.50
1375.00
1377.39
1382.66
1388.42
1404.38
1410.51
2623.27
2625.39
2630.64
2632.92
2635.84
2640.93
2643.39
2651.93
2666.34
2668.53
2669.57
2671.46
2675.27
2676.76
2760.72
2762.05
2763.51
2765.38
2765.67
2769.93
2770.20
2851.41
2851.54
$end
