$molecule
 H   0.76160427 -0.98693496 -0.45935710
 C   0.91110240 -1.19527175 0.60919015
 C   1.86855573 -0.20545595 1.23653227
 H  -0.07304976 -1.17970937 1.09627674
 H   1.28041550 -2.23218472 0.67328964
 C   1.92692977 -0.29002013 2.76507434
Cl   3.50539083 -0.48061324 0.52489483
 H   1.60060580 0.84427745 0.94728946
 C   3.15093674 0.40012970 3.36013518
Cl   1.92889731 -2.00788877 3.31094818
 H   0.97838566 0.14698402 3.17751632
 C   2.99915901 0.63595900 4.85941691
 H   4.07194728 -0.20039349 3.16600264
 H   3.33559399 1.36194107 2.82546829
 C   4.31879093 0.97878249 5.55245099
Cl   1.79145451 1.95598317 5.09992193
 H   2.55993778 -0.26832953 5.36446888
 C   4.18192246 1.59850990 6.94272569
Cl   5.26834061 2.14473811 4.55548206
 H   4.95041110 0.04994338 5.59485484
 C   3.32658983 0.77940726 7.90446688
 H   3.75392069 2.62692941 6.86539533
 H   5.20214885 1.74702067 7.36467392
 C   3.40080010 1.30865402 9.33349107
Cl   3.95676826 -0.92512212 7.90905327
 H   2.26615531 0.70953668 7.55410862
 C   2.40519009 0.61557533 10.25997025
 H   3.21440840 2.41005730 9.32691059
 H   4.43211194 1.20126112 9.73816384
 C   2.71148342 0.83076921 11.74591794
Cl   0.75411236 1.21004845 9.85276959
 H   2.37295656 -0.49016790 10.06646549
 C   1.54098704 0.53710553 12.65838012
Cl   3.24022558 2.53325972 12.04366175
 H   3.59786177 0.20221040 12.02216012
 H   1.07574143 -0.43148441 12.43037821
 H   1.84741788 0.52375063 13.71359365
 H   0.74599900 1.29691776 12.57686767
$end
$temperature
298.15
$end
$mult
 1
$end
$sigma
 1
$end
$pressure
1.00000
$end
$scale
1.093
$end
$msrrho
$end
$freq
14.50
18.31
26.06
35.53
41.59
45.88
55.40
70.71
77.85
86.41
102.72
126.16
155.80
164.30
183.91
187.76
192.36
214.28
229.18
260.81
267.92
277.55
318.46
339.82
374.44
378.48
391.94
413.70
416.48
490.44
500.10
521.11
569.43
577.46
587.12
663.66
679.15
684.84
700.07
732.22
739.97
772.54
915.86
946.72
960.49
979.89
987.68
1031.26
1031.94
1048.95
1109.11
1115.78
1118.91
1130.50
1134.11
1142.62
1146.58
1156.98
1164.86
1167.05
1176.19
1177.60
1179.69
1187.29
1190.91
1196.98
1199.57
1206.47
1228.85
1237.88
1238.90
1240.68
1245.07
1250.48
1251.83
1255.75
1257.87
1258.24
1263.13
1265.54
1270.23
1273.02
1280.95
1286.13
1334.19
1341.45
1341.99
1347.87
1352.54
2631.20
2634.60
2638.64
2641.53
2647.35
2648.06
2650.91
2655.50
2656.00
2663.08
2681.52
2681.95
2691.29
2691.68
2723.41
2723.91
2730.32
2785.04
2785.27
$end
