$molecule
 C  -2.19392275 1.04486422 0.13120162
 C  -1.72205162 2.33127827 0.82014415
 H  -2.28942476 2.52593917 1.76062537
 H  -1.55440040 0.83739795 -0.76465004
 C  -1.72484612 3.53525088 -0.09419768
 H  -2.74699428 3.84146422 -0.36455488
 H  -1.24418159 4.40435353 0.37829132
 H  -1.18479902 3.34494148 -1.03354448
 C  -1.32639777 -1.96194835 -0.55398351
 H  -1.36742465 -3.07557011 -0.67511817
 C  -2.46747611 -1.47980980 0.35517618
 H  -3.44278250 -1.47729974 -0.19819309
 C  -2.26678898 -0.14804452 1.07975351
 H  -3.09959464 -0.00240232 1.80807200
 H  -1.35832445 -0.19725787 1.72218678
 C   0.05678154 -1.52084861 -0.09557481
 H   0.11643892 -0.40884573 -0.08629376
 H   0.20606320 -1.84886781 0.95640735
 C   1.18452865 -2.06613909 -0.97751317
 H   1.03068037 -1.75307157 -2.03258415
 H   1.15974798 -3.17371891 -0.99116654
 C   2.56529242 -1.59951653 -0.49491832
 H   3.33550845 -1.95139391 -1.21186264
 H   2.80379399 -2.09582126 0.47121033
 C   2.66465898 -0.08614121 -0.31951484
 H   1.94610517 0.27490105 0.45800355
 C   4.08156636 0.40949287 -0.01173899
 H   4.80867823 0.07428882 -0.78914419
 C   4.14875492 1.90631416 0.20388840
 H   5.14120252 2.21998090 0.55759559
 H   3.94642054 2.45963522 -0.72556396
 H   3.41919770 2.25117555 0.95083829
Cl   0.00564169 2.03965057 1.31699516
Cl  -1.63905075 -1.30809809 -2.21090646
Cl   2.17646331 0.70653554 -1.86941018
Cl   4.58535862 -0.38687325 1.53801833
Cl  -2.62435528 -2.73201464 1.65796813
Cl  -3.86139863 1.35298165 -0.48351195
$end
$temperature
298.15
$end
$mult
 1
$end
$sigma
 1
$end
$pressure
1.00000
$end
$scale
1.093
$end
$msrrho
$end
$freq
14.82
16.04
23.68
37.74
55.11
57.10
63.61
81.97
99.49
106.53
143.30
155.31
161.02
176.99
189.18
221.34
241.92
250.07
275.97
287.85
294.89
319.55
332.43
346.99
363.61
382.24
398.09
417.14
441.43
495.88
525.21
533.32
570.01
707.02
713.25
715.37
724.20
744.42
798.49
831.70
908.19
935.30
958.39
974.87
1005.03
1029.38
1048.59
1050.93
1062.60
1115.45
1120.03
1128.08
1133.43
1141.89
1155.91
1159.80
1165.88
1178.16
1180.27
1183.20
1187.06
1189.94
1194.39
1206.17
1214.34
1215.27
1225.58
1234.87
1235.89
1238.63
1246.93
1249.57
1256.01
1256.81
1263.40
1264.76
1267.65
1273.24
1282.31
1296.26
1297.73
1305.89
1320.85
1340.85
1348.73
1349.78
1353.98
1362.81
2635.11
2642.46
2648.77
2651.67
2655.43
2658.20
2663.35
2669.05
2671.51
2678.41
2681.50
2683.79
2690.49
2692.32
2722.27
2726.91
2734.44
2739.21
2783.04
2783.28
$end
