$molecule
 H  -0.14209252 -0.56924273 -0.03598007
 C   0.01910975 -0.07831046 0.93556461
 C   1.49084216 0.05200353 1.26425808
 H  -0.52525186 -0.66315998 1.69043080
 H  -0.47041936 0.90533242 0.88279846
 C   2.17211325 -1.29689900 1.52805499
Cl   1.62195712 1.01268918 2.79440376
 H   2.03233108 0.63182478 0.47868392
 C   3.66232802 -1.16822718 1.83008822
Cl   1.99754383 -2.25949101 0.00761579
 H   1.63629464 -1.86235012 2.33184417
 C   4.31673138 -2.51150868 2.14403222
 H   3.81408771 -0.47128211 2.68741409
 H   4.18510379 -0.69437820 0.96974579
 C   5.82366747 -2.37596707 2.35073002
Cl   3.60292854 -3.13023377 3.69318772
 H   4.08145360 -3.28252611 1.36717579
 C   6.50660232 -3.73659526 2.48320197
 H   6.03918178 -1.75266108 3.24655779
 H   6.26136569 -1.80736209 1.49639611
 C   7.91951638 -3.61165169 3.06269238
Cl   6.54301635 -4.49610702 0.85165613
 H   5.90266489 -4.43093289 3.13051164
 C   8.72331242 -4.91694090 3.03598533
Cl   8.84428287 -2.37825320 2.14100186
 H   7.83585451 -3.22517917 4.11664825
 C  10.12867420 -4.77701880 3.62921015
Cl   7.79999669 -6.12536116 3.98906666
 H   8.79733823 -5.31162468 1.98339571
 C  10.92402351 -6.09044873 3.63513629
Cl  10.00769637 -4.22202065 5.33210846
 H  10.70576129 -3.98949180 3.07278950
 C  12.30655518 -5.93824396 4.23211678
Cl  11.12925517 -6.57384775 1.90236805
 H  10.35833703 -6.91517089 4.13494873
 H  12.26682457 -5.75079352 5.31573653
 H  12.90640391 -6.85001642 4.08952086
 H  12.87165962 -5.11343639 3.77681703
$end
$temperature
298.15
$end
$mult
 1
$end
$sigma
 1
$end
$pressure
1.00000
$end
$scale
1.093
$end
$msrrho
$end
$freq
14.47
20.20
26.41
28.27
41.50
49.56
57.25
62.32
72.64
87.58
98.29
120.97
124.74
150.35
159.55
170.74
172.03
183.45
186.95
227.16
281.86
288.80
301.24
309.13
318.28
331.38
351.80
381.06
393.38
404.34
407.49
461.19
474.06
500.64
550.50
591.99
647.28
668.62
700.51
725.74
729.35
737.56
755.92
788.96
823.07
931.06
966.18
971.00
992.68
1049.59
1051.15
1073.87
1095.14
1110.55
1120.39
1132.60
1135.92
1142.62
1144.05
1147.84
1157.52
1160.49
1170.26
1178.35
1180.07
1183.72
1188.58
1199.68
1207.77
1210.06
1217.67
1233.21
1237.70
1238.67
1249.19
1250.95
1256.23
1262.46
1267.09
1267.71
1274.19
1290.06
1298.37
1299.05
1315.06
1323.24
1346.87
1349.61
1350.15
1357.21
2620.70
2627.50
2638.77
2640.42
2641.75
2646.74
2653.92
2660.23
2661.04
2670.43
2680.88
2682.02
2690.73
2691.92
2723.19
2729.66
2783.85
2783.95
$end
