$molecule
 H   0.29127916 -0.06303418 -0.13311660
 C   0.20021084 -0.04929368 0.96422468
 C   1.55008437 0.04362471 1.63934803
 H  -0.46618141 0.78595871 1.22318911
 H  -0.33056755 -0.97471256 1.23873506
 C   2.22880252 1.39017222 1.40883708
Cl   1.27617632 -0.09147814 3.40615207
 H   2.19952357 -0.82356103 1.37487738
 C   3.51409235 1.60526261 2.19441195
Cl   2.60595335 1.48407297 -0.33346845
 H   1.50591107 2.22347638 1.60137098
 C   4.29980468 2.84031001 1.76040014
Cl   4.58624216 0.20514311 1.95450800
 H   3.29993412 1.62345389 3.29822358
 C   3.46187584 4.10730368 1.66710953
Cl   5.59093734 3.10149017 2.95691554
 H   4.83367445 2.64936250 0.79092235
 C   4.27923853 5.37733938 1.44153534
Cl   2.56783890 4.31098822 3.19242197
 H   2.67165126 3.99862229 0.87745644
 C   5.28013501 5.25446801 0.30053145
Cl   3.12338696 6.67815156 1.07251282
 H   4.79668012 5.70384428 2.38487444
 C   5.95804184 6.56551566 -0.08237809
Cl   4.42527218 4.66134554 -1.14642589
 H   6.04017855 4.46514478 0.54364579
 C   6.96885741 6.42198711 -1.21233766
Cl   6.78705499 7.15944968 1.37569255
 H   5.20540874 7.35863849 -0.34201588
 C   7.76996560 7.68619229 -1.50773667
Cl   8.15133808 5.15877850 -0.77993950
 H   6.46776315 6.04947569 -2.14326931
 C   8.67073862 7.54077937 -2.71325192
Cl   6.57453756 8.96961981 -1.88759119
 H   8.33159205 8.06343584 -0.62117713
 H   8.13976418 7.17003542 -3.60167499
 H   9.50337481 6.84589371 -2.52144448
 H   9.13288389 8.49991836 -2.99646741
$end
$temperature
298.15
$end
$mult
 1
$end
$sigma
 1
$end
$pressure
1.00000
$end
$scale
1.093
$end
$msrrho
$end
$freq
11.32
18.65
23.85
33.87
36.62
51.01
59.91
62.56
65.58
76.64
93.68
98.63
122.46
133.47
150.36
154.79
161.20
166.54
171.72
176.73
177.81
192.52
216.15
227.00
234.47
259.09
270.15
290.10
294.49
301.45
359.68
373.76
392.64
393.76
426.70
461.96
475.53
539.16
568.06
590.28
623.57
715.17
717.18
725.75
728.74
740.65
782.72
790.97
810.68
829.48
852.63
973.45
977.08
1035.95
1066.59
1069.58
1070.95
1084.05
1118.64
1127.69
1134.84
1149.51
1158.49
1158.72
1161.89
1168.69
1173.30
1177.94
1183.24
1192.77
1194.29
1196.46
1201.70
1203.71
1209.55
1213.09
1275.97
1276.03
1279.63
1279.72
1287.52
1288.12
1293.97
1301.39
1305.93
1309.55
1315.61
1321.34
1322.14
1342.68
1397.84
1397.90
2618.41
2619.22
2620.36
2635.92
2638.79
2640.78
2642.65
2644.58
2655.69
2656.60
2658.22
2658.87
2676.80
2677.12
2775.60
2775.74
$end
