$molecule
 H  -0.12385261 -1.11224314 -0.50760217
 C  -0.04736321 -0.25741284 0.20716634
 C   1.40602754 0.09763767 0.45622033
 H  -0.55839025 -0.53952109 1.15774453
 H  -0.58481857 0.61784314 -0.23151847
 C   2.17689447 -0.98451775 1.22303699
Cl   1.43689066 1.58572714 1.48787887
 H   1.92686314 0.36965389 -0.49388224
 C   3.65196093 -0.64697205 1.42887530
Cl   2.09094229 -2.48820786 0.21940311
 H   1.67225753 -1.22391656 2.19351940
 C   4.35893127 -1.68409106 2.30318788
 H   3.73014139 0.36453270 1.92003445
 H   4.16695107 -0.58350514 0.43625060
 C   5.88144865 -1.51050994 2.28080174
Cl   3.75546253 -1.49859996 3.98892022
 H   4.08836491 -2.72991373 1.99374451
 C   6.62554683 -2.49923215 3.18753005
Cl   6.28517620 0.14814939 2.82990587
 H   6.25034250 -1.59755522 1.22235835
 C   8.14734163 -2.32144220 3.14848745
Cl   6.24195577 -4.15430083 2.60816700
 H   6.24540836 -2.42331132 4.24438911
 C   8.88432027 -3.25010906 4.12258796
Cl   8.71416400 -2.71450247 1.49014167
 H   8.42845084 -1.24977029 3.34522728
 C  10.40603887 -3.07694157 4.08382926
Cl   8.31592009 -2.85355842 5.77783557
 H   8.60900343 -4.32453391 3.92993934
 C  11.14690102 -4.07589318 4.98428759
Cl  10.80747548 -1.42502296 4.65568871
 H  10.78794927 -3.15329678 3.03041135
 C  12.64569894 -3.85427513 5.02424523
Cl  10.84983491 -5.71499003 4.26903378
 H  10.71257280 -4.10184032 6.01498786
 H  13.14153860 -4.69985184 5.56071815
 H  12.88480676 -2.90737770 5.56712840
 H  13.07261881 -3.79557245 3.99580951
$end
$temperature
298.15
$end
$mult
 1
$end
$sigma
 1
$end
$pressure
1.00000
$end
$scale
1.093
$end
$msrrho
$end
$freq
12.37
20.83
24.28
25.88
37.92
48.82
53.08
54.24
60.50
76.17
98.78
115.35
126.33
128.65
144.22
157.93
164.63
167.20
171.35
174.30
180.33
239.63
278.32
284.76
299.62
308.25
317.52
320.67
353.81
371.25
389.66
404.58
440.07
468.75
481.33
503.44
557.57
618.83
645.43
697.48
722.53
724.99
738.57
750.60
770.04
795.81
816.81
834.85
957.05
967.75
974.64
1046.02
1048.05
1070.38
1076.17
1106.97
1119.99
1125.87
1132.18
1137.73
1141.13
1144.63
1149.42
1153.41
1158.22
1162.46
1175.44
1180.19
1185.58
1190.53
1196.22
1199.80
1210.01
1216.16
1250.56
1255.11
1263.54
1280.27
1285.19
1292.23
1300.53
1311.02
1315.17
1337.43
1338.14
1349.14
1349.31
1350.87
1368.47
1409.60
1410.60
2610.17
2620.67
2623.73
2634.92
2635.87
2640.78
2646.32
2651.85
2652.73
2655.28
2656.01
2657.82
2671.90
2678.80
2750.27
2847.70
2848.18
$end
