$molecule
 C  -1.78365429 1.96023327 0.99927197
 H  -0.88429316 1.49283954 1.47066207
 C  -1.33849417 2.88844860 -0.10455292
 H  -0.69924155 3.71299266 0.28403931
 H  -2.22675566 2.58059590 1.81190884
 C  -2.40431763 3.37125374 -1.04514664
 H  -2.83242269 2.57140672 -1.66733913
 H  -3.23834702 3.83702235 -0.49732349
 H  -2.01931652 4.12552097 -1.74873310
 C  -0.99348062 -0.82779270 0.16324691
 H  -0.24978334 -0.08025286 0.54523666
 C  -2.20292198 -0.10897268 -0.37817084
 H  -2.01052361 0.32145025 -1.38900705
 C  -2.79031167 0.88593189 0.59933831
 H  -3.71887090 1.33029632 0.18327322
 H  -3.13501252 0.34245100 1.51067956
 C  -0.41512362 -1.83513763 -0.80193097
 H  -1.20710374 -2.55514536 -1.11311641
 H  -0.13450835 -1.31746411 -1.74651193
 C   0.77306440 -2.60266288 -0.22784628
 H   1.29556229 -3.13497282 -1.05247369
 H   0.40172670 -3.40694765 0.44527812
 C   1.76980530 -1.74589364 0.54570850
 H   2.62097978 -2.37918767 0.88352231
 H   1.31369012 -1.39107948 1.50024442
 C   2.29419007 -0.58294913 -0.26340037
 H   1.56081921 -0.11942211 -0.96116774
 C   3.03330700 0.45035455 0.55117227
 H   3.82136113 0.02157895 1.20564889
 C   3.47781945 1.64161117 -0.24922032
 H   2.63382154 2.14474624 -0.75087311
 H   3.96800095 2.39836007 0.38048329
 H   4.19727271 1.34889884 -1.03140507
Cl  -0.11505448 1.91864567 -1.19281144
Cl  -1.51489170 -1.76240641 1.68179740
Cl   3.63264431 -1.27563957 -1.37555728
Cl   1.73098387 1.11105681 1.74906168
Cl  -3.53777964 -1.36826547 -0.68005065
$end
$temperature
298.15
$end
$mult
 1
$end
$sigma
 1
$end
$pressure
1.00000
$end
$scale
1.0
$end
$msrrho
$end
$freq
31.18
41.84
50.00
52.02
63.06
71.40
83.25
101.97
116.71
130.87
156.62
167.05
176.81
181.64
190.50
198.04
234.59
245.22
272.41
297.34
307.53
310.66
313.39
350.64
372.76
391.95
458.63
477.47
494.11
546.38
559.58
589.77
600.60
607.77
648.88
707.23
821.50
882.05
916.30
946.50
963.04
977.41
1004.67
1012.93
1018.56
1025.77
1044.08
1083.29
1104.55
1111.82
1114.23
1129.15
1131.21
1140.68
1146.59
1159.35
1164.21
1169.45
1176.13
1182.92
1188.41
1192.22
1209.97
1215.21
1221.65
1225.91
1245.86
1256.29
1260.82
1270.25
1275.83
1282.21
1286.76
1287.35
1292.00
1295.13
1299.93
1310.44
1315.90
1330.13
1337.63
1338.42
1344.68
1350.52
1368.99
1382.75
1386.54
2864.77
2894.05
2901.04
2912.13
2916.30
2934.42
2934.91
2940.41
2947.85
2961.75
2971.49
2973.38
2975.07
2984.20
2991.42
3000.05
3014.08
3017.47
3019.57
3066.16
3080.68
$end
