$molecule
 H   0.55817589 -0.26589721 -0.20762279
 C   0.27958243 -0.04656282 0.85236412
 C   1.52408871 0.12153131 1.69280524
 H  -0.34681747 0.87784124 0.87396660
 H  -0.33240861 -0.89907546 1.23684510
 C   2.32072409 1.36436751 1.29811945
Cl   1.05349741 0.23449017 3.39905484
 H   2.16901759 -0.79397749 1.62538099
 C   3.56100633 1.57685916 2.16126110
Cl   2.75982916 1.27496389 -0.41145843
 H   1.65020939 2.26216973 1.39022101
 C   4.34410111 2.84217259 1.80105592
Cl   4.64308664 0.18591795 2.05283233
 H   3.24385286 1.62317045 3.24081896
 C   3.47684088 4.09507183 1.72481542
Cl   5.65659881 3.05747008 2.96064544
 H   4.84010741 2.69004232 0.80195207
 C   4.27114476 5.37437373 1.44711741
Cl   2.54789017 4.30686919 3.21012624
 H   2.71718401 3.95391709 0.90620522
 C   5.20822168 5.25525720 0.24788076
Cl   3.14204526 6.71326592 1.22697280
 H   4.87976974 5.64333965 2.35567264
 C   6.01809200 6.53012748 0.00224361
Cl   4.29924551 4.83274394 -1.20743729
 H   5.91962245 4.40115006 0.42227105
 C   6.97652116 6.38904772 -1.17903209
Cl   6.90033995 6.97464366 1.46610900
 H   5.31946611 7.39029394 -0.19644638
 C   7.65854691 7.70631810 -1.54213069
Cl   8.19365139 5.15059227 -0.84909620
 H   6.40825560 6.00962556 -2.07225721
 C   8.60796427 7.55814706 -2.70795090
Cl   6.42609009 8.91456877 -1.95605151
 H   8.19415920 8.12722584 -0.65080250
 H   8.09798131 7.08589471 -3.58216422
 H   9.47945886 6.92227462 -2.41531676
 H   8.99468199 8.55923618 -3.01998781
$end
$temperature
298.15
$end
$mult
 1
$end
$sigma
 1
$end
$pressure
1.00000
$end
$scale
0.961
$end
$msrrho
$end
$freq
13.32
16.81
22.78
28.32
36.41
46.86
51.61
57.18
62.74
74.46
89.88
103.13
126.70
135.98
154.15
157.84
162.39
168.16
181.17
184.44
189.40
208.89
223.25
243.21
256.16
286.91
301.42
317.61
322.88
330.29
390.09
407.73
417.33
419.64
467.25
503.36
507.35
589.69
628.61
647.22
674.92
759.91
765.09
772.74
774.38
783.80
829.32
838.73
863.00
880.27
888.13
1007.13
1009.83
1065.65
1066.09
1121.33
1125.24
1128.97
1130.43
1146.84
1151.74
1160.14
1167.57
1181.71
1189.29
1193.63
1199.43
1210.90
1218.49
1221.96
1227.38
1231.19
1236.72
1237.83
1243.89
1268.48
1271.68
1285.31
1294.23
1307.96
1316.18
1318.93
1345.63
1364.90
1370.12
1375.12
1382.88
1383.07
1388.87
1389.02
1432.62
1432.81
2981.78
2983.38
2983.72
2999.05
2999.38
3001.01
3002.18
3002.66
3026.97
3027.04
3055.76
3056.10
3063.89
3064.08
3153.31
3153.41
$end
