$molecule
 H  -0.11248336 -1.14309611 -0.54053169
 C  -0.02390557 -0.32629729 0.19258891
 C   1.41794123 0.05168874 0.44463255
 H  -0.54084335 -0.65710821 1.10523608
 H  -0.60479842 0.51549322 -0.21536840
 C   2.19478298 -1.00132559 1.22516089
Cl   1.40383813 1.52832289 1.46791640
 H   1.93849813 0.35356883 -0.49184084
 C   3.65819681 -0.64058717 1.43392949
Cl   2.15904375 -2.49728371 0.23279884
 H   1.68215897 -1.26951256 2.17872088
 C   4.36838641 -1.65006369 2.32732321
 H   3.73598064 0.38616107 1.87250869
 H   4.18400537 -0.55312638 0.45629660
 C   5.88372560 -1.50537955 2.27642616
Cl   3.79736578 -1.39800297 3.99877702
 H   4.06959127 -2.70043116 2.07941559
 C   6.62318299 -2.43772599 3.23069855
Cl   6.32668892 0.16179806 2.71854295
 H   6.22996830 -1.63221837 1.21731623
 C   8.13552041 -2.25615951 3.22502435
Cl   6.22945836 -4.10006373 2.72817277
 H   6.23036877 -2.34177447 4.27949952
 C   8.88540359 -3.29502946 4.05366498
Cl   8.73422532 -2.39907011 1.55263473
 H   8.39678620 -1.21166111 3.54596272
 C  10.39592598 -3.10373384 4.05775632
Cl   8.27615585 -3.16615859 5.72125043
 H   8.63406954 -4.34034534 3.72615062
 C  11.14930681 -4.05084265 4.98714757
Cl  10.77273271 -1.44806879 4.60250514
 H  10.80488002 -3.17061518 3.01636271
 C  12.65050223 -3.90865600 4.87783808
Cl  10.73290005 -5.71627384 4.46264268
 H  10.80816492 -3.98476469 6.04670263
 H  13.17800202 -4.69476411 5.44112369
 H  13.00229341 -2.94980202 5.28987538
 H  13.01088967 -3.96530610 3.84074503
$end
$temperature
298.15
$end
$mult
 1
$end
$sigma
 1
$end
$pressure
1.00000
$end
$scale
1.093
$end
$msrrho
$end
$freq
7.29
17.09
19.62
22.56
35.79
43.75
49.18
54.63
64.04
64.31
91.00
112.58
126.19
136.59
146.18
160.52
162.62
168.27
175.74
177.83
182.32
230.59
258.48
267.06
285.92
293.51
302.06
304.73
336.14
352.09
366.13
392.72
425.54
449.60
461.16
487.62
547.56
604.93
635.44
688.36
707.01
717.41
729.06
733.00
753.66
784.86
808.15
829.70
968.86
974.52
985.13
1052.37
1063.29
1069.73
1070.87
1093.13
1123.66
1135.84
1141.67
1151.00
1151.47
1154.52
1159.74
1160.34
1168.04
1171.60
1176.94
1191.42
1194.17
1196.33
1200.13
1205.78
1207.71
1237.10
1275.79
1275.98
1276.78
1279.90
1282.15
1286.06
1288.45
1300.07
1301.67
1306.79
1313.71
1324.10
1329.63
1339.89
1385.48
1397.88
1398.41
2617.00
2620.79
2622.06
2635.50
2641.62
2641.77
2648.33
2655.80
2655.94
2658.55
2659.10
2662.36
2677.08
2684.99
2720.31
2775.75
2776.17
$end
