$molecule
 C   2.43258143 0.84544752 -0.91954296
 H   1.44316497 0.47534752 -1.27698362
 C   2.30585293 2.29687501 -0.48939040
 H   1.98813029 2.91412060 -1.36216346
 H   3.10222590 0.81500965 -1.80224783
 C   3.56441536 2.86229654 0.12109048
 H   4.35056747 2.97965556 -0.63583196
 H   3.38452608 3.84499448 0.57432467
 H   3.95921557 2.19415057 0.90510523
 C   0.92260822 -1.56953758 0.21656652
 H   0.69408684 -1.06681245 -0.76746730
 C   1.88701786 -0.71457492 1.01786555
 H   1.32634331 0.09584194 1.53117785
 H   2.35039129 -1.32055067 1.82127518
 C   2.97137431 -0.10598254 0.14252014
 H   3.70639674 0.43022219 0.78399614
 H   3.53376900 -0.92413561 -0.35078825
 C  -0.37166397 -1.85184539 0.95822064
 H  -0.20928731 -2.62117378 1.73697917
 H  -0.69802199 -0.92858825 1.49176673
 C  -1.48524665 -2.28077252 0.01284895
 H  -2.38311975 -2.56100395 0.59895911
 H  -1.17804500 -3.19096796 -0.53910064
 C  -1.84297513 -1.17877990 -0.97523027
 H  -2.57574800 -1.55008383 -1.71671988
 H  -0.92633855 -0.90462687 -1.54865241
 C  -2.37984419 0.05774690 -0.27598639
 H  -1.76133385 0.26864988 0.63672197
 C  -2.43627521 1.27035726 -1.18795763
 H  -1.51844495 1.31104185 -1.80918457
 H  -3.27791956 1.16452642 -1.90092059
 C  -2.56910318 2.55097663 -0.39541114
 H  -2.70818008 3.41494122 -1.05711595
 H  -3.42978002 2.51199167 0.28570911
 H  -1.67025048 2.74154512 0.21117199
Cl   0.98422666 2.45396921 0.72193053
Cl   1.71799563 -3.12934491 -0.16033710
Cl  -4.04334155 -0.29419103 0.29428678
$end
$temperature
298.15
$end
$mult
 1
$end
$sigma
 1
$end
$pressure
1.00000
$end
$scale
0.953
$end
$msrrho
$end
$freq
21.57
27.72
32.64
43.73
53.33
75.75
86.52
120.87
146.31
156.52
195.43
200.45
218.40
234.08
267.92
295.01
324.59
345.98
361.46
396.45
424.72
441.61
476.47
477.89
504.29
541.38
560.61
606.99
615.35
623.93
820.57
836.58
851.88
885.38
932.17
943.14
953.00
958.16
992.69
998.46
1017.16
1030.18
1044.11
1060.72
1075.37
1091.45
1106.44
1112.97
1122.24
1127.79
1129.99
1131.15
1143.31
1150.64
1152.36
1157.14
1172.82
1175.60
1183.42
1205.12
1211.79
1225.45
1252.94
1275.97
1294.19
1306.67
1320.97
1334.10
1344.75
1368.53
1374.25
1385.25
1388.88
1392.87
1393.96
1396.93
1401.23
1402.06
1405.79
1407.96
1413.84
1421.88
1432.61
1470.32
1475.77
2802.71
2846.70
2909.91
2910.80
2915.01
2915.32
2930.86
2941.50
2950.10
2961.64
3005.04
3010.78
3018.64
3019.80
3023.39
3028.73
3033.18
3049.88
3059.21
3083.56
3087.93
3167.83
3169.56
$end
