$molecule
 C   2.13693956 -2.49106772 -0.27228524
 H   2.68766772 -2.67374772 0.67427089
 C   0.67167802 -2.22457248 0.04869586
 H   0.53454592 -1.19030889 0.46322850
 H   2.22853137 -3.43503365 -0.85066928
 C   0.04110824 -3.26335142 0.94832652
 H  -1.02400534 -3.04621237 1.12558683
 H   0.09815093 -4.27366083 0.52276477
 H   0.52640454 -3.28608763 1.93348299
 C   1.98665600 0.76218579 0.14614070
 H   1.23072021 0.20411464 0.76292481
 C   3.17510979 -0.13336219 -0.20352038
 H   3.94334724 0.46447104 -0.73871740
 H   3.67398595 -0.46623245 0.73132139
 C   2.80444024 -1.35394531 -1.05534864
 H   2.16577667 -1.04889911 -1.90959287
 H   3.73256765 -1.74797148 -1.52088207
 C   1.32471934 1.41347189 -1.06279445
 H   2.09738602 1.86125402 -1.72158283
 H   0.84028278 0.61349582 -1.66856820
 C   0.29435018 2.49613097 -0.71479061
 H  -0.21349128 2.81743753 -1.64877954
 H   0.81735294 3.39901749 -0.33477607
 C  -0.75503086 2.06714259 0.31768814
 H  -1.39291585 2.93828698 0.57721870
 H  -0.24551126 1.80301416 1.26998056
 C  -1.61091944 0.91212344 -0.18673025
 H  -0.98750397 0.14939176 -0.71435000
 C  -2.48582846 0.25166941 0.88237886
 H  -3.13289282 0.99867385 1.39965077
 C  -3.28487892 -0.91837564 0.35272363
 H  -4.05227824 -0.59249034 -0.36624536
 H  -2.65037931 -1.65150102 -0.17026683
 H  -3.80477772 -1.45519529 1.15777150
Cl  -0.26023346 -2.23370616 -1.52363213
Cl   2.63163828 2.07161982 1.23045836
Cl  -2.74799011 1.56896202 -1.43417067
Cl  -1.36135220 -0.40653813 2.15497460
$end
$temperature
298.15
$end
$mult
 1
$end
$sigma
 1
$end
$pressure
1.00000
$end
$scale
1.093
$end
$msrrho
$end
$freq
24.42
35.50
41.75
62.61
84.02
94.59
101.13
111.90
131.22
148.20
182.28
194.56
219.03
226.30
246.02
276.61
296.17
304.62
327.33
346.05
355.82
382.17
399.89
415.68
437.39
456.73
500.11
510.85
530.03
642.39
698.90
709.54
725.25
840.92
854.59
874.52
909.91
938.54
954.05
978.22
991.04
1009.29
1023.03
1049.43
1063.74
1087.76
1101.85
1111.85
1128.58
1143.70
1154.13
1156.64
1168.45
1173.09
1176.05
1181.38
1185.28
1198.75
1200.60
1203.04
1216.31
1221.54
1228.55
1238.06
1240.36
1241.66
1250.75
1256.21
1258.19
1262.76
1267.36
1269.87
1273.61
1276.67
1282.77
1290.62
1293.20
1300.63
1308.01
1317.09
1332.75
1334.70
1340.82
1346.26
1346.81
1352.50
2573.52
2641.46
2648.70
2652.79
2656.34
2663.04
2665.24
2666.54
2668.63
2673.96
2682.83
2684.55
2692.27
2694.94
2728.59
2734.65
2735.53
2736.03
2737.44
2740.85
2784.06
2785.31
$end
