$molecule
 C  -1.74902689 1.88888041 0.90551071
 H  -0.73122967 1.43589209 0.99438618
 C  -1.68128625 3.15313731 0.06599784
 H  -0.95295038 3.86420191 0.52033367
 H  -2.03656464 2.18111903 1.93507538
 C  -3.02314804 3.81758019 -0.12332218
 H  -3.77120512 3.09345282 -0.48877685
 H  -3.39684811 4.22963214 0.82272506
 H  -2.96594939 4.63828276 -0.84894722
 C  -1.07622291 -1.05064795 0.29033278
 H  -0.42119854 -0.37591731 0.91725459
 C  -2.05797073 -0.19716269 -0.48982955
 H  -1.53653833 0.30288472 -1.34386607
 C  -2.73106654 0.84351044 0.38961728
 H  -3.54968255 1.34055522 -0.17949961
 H  -3.22150811 0.32946355 1.24131130
 C  -0.20830122 -1.91531973 -0.60514545
 H  -0.83737613 -2.64862386 -1.14653295
 H   0.27032486 -1.27254290 -1.38019997
 C   0.88466077 -2.62393818 0.18184046
 H   1.44835629 -3.30168080 -0.48959871
 H   0.42810626 -3.26737678 0.96059504
 C   1.83731122 -1.63347961 0.83484402
 H   2.53570700 -2.15930249 1.51382425
 H   1.24370544 -0.93456016 1.47058465
 C   2.60958622 -0.83241994 -0.19907978
 H   1.92771574 -0.55470647 -1.04642418
 C   3.27122164 0.40183179 0.38900576
 H   3.92943313 0.11886367 1.24243925
 C   4.02904541 1.20255801 -0.64032941
 H   3.37429219 1.53928730 -1.45535971
 H   4.48284854 2.09463391 -0.19025268
 H   4.83504194 0.60315910 -1.08620858
Cl  -1.03574056 2.75183383 -1.56296058
Cl  -1.98638707 -2.10492793 1.40847207
Cl   3.89533104 -1.88503091 -0.86630191
Cl   1.97922846 1.46612558 1.05156757
Cl  -3.32453112 -1.24959850 -1.17701682
$end
$temperature
298.15
$end
$mult
 1
$end
$sigma
 1
$end
$pressure
1.00000
$end
$scale
0.953
$end
$msrrho
$end
$freq
19.86
26.95
37.92
41.25
45.92
62.16
80.21
99.63
120.35
140.02
168.45
173.60
176.93
200.48
205.19
224.03
260.31
274.95
287.72
317.41
329.45
343.47
364.80
403.10
418.90
424.47
490.15
500.95
504.54
543.58
560.93
636.47
639.91
645.80
700.61
756.55
843.76
877.68
912.32
936.92
944.78
957.21
992.53
1009.86
1017.52
1022.88
1025.38
1062.99
1080.70
1100.65
1107.58
1112.87
1120.68
1121.72
1132.58
1139.55
1145.88
1151.96
1163.86
1166.45
1175.13
1176.04
1190.43
1203.15
1207.60
1216.48
1237.75
1256.84
1280.99
1286.82
1300.57
1323.70
1336.70
1371.15
1378.32
1386.60
1388.95
1389.92
1393.65
1395.21
1398.12
1401.02
1403.58
1407.02
1411.69
1417.90
1461.55
2771.42
2845.24
2879.54
2892.28
2906.19
2916.24
2916.94
2922.71
2927.36
2959.32
3002.63
3008.45
3011.74
3015.65
3030.64
3047.65
3076.02
3085.27
3088.53
3167.16
3174.39
$end
