$molecule
 C  -2.32692715 1.07394703 0.25409438
 C  -1.82137332 2.32716288 0.97980755
 H  -2.25988137 2.41640713 2.00198243
 H  -1.79409005 0.95387761 -0.72213798
 C  -2.00448322 3.60086352 0.18640979
 H  -3.06621295 3.87875508 0.09818187
 H  -1.49184484 4.45095249 0.66062835
 H  -1.60650984 3.52055076 -0.83532600
 C  -1.29566750 -1.90199028 -0.61260083
 H  -1.35894004 -3.00240408 -0.81917692
 C  -2.44021256 -1.47398504 0.31861643
 H  -3.41449710 -1.45043409 -0.23581715
 C  -2.25075843 -0.18320513 1.11587271
 H  -3.02465878 -0.13446089 1.91952669
 H  -1.28971357 -0.21801731 1.67778955
 C   0.09399072 -1.52984240 -0.11446456
 H   0.19296653 -0.42441329 -0.02828990
 H   0.22082841 -1.92584654 0.91794723
 C   1.21511835 -2.06265682 -1.01421118
 H   1.08178858 -1.70019325 -2.05624923
 H   1.16501526 -3.16764761 -1.07565626
 C   2.59656914 -1.64613590 -0.49163423
 H   3.38168716 -2.19655506 -1.05140914
 H   2.70815872 -1.97481767 0.56443293
 C   2.82672083 -0.14047832 -0.59980194
 H   1.93150772 0.43301859 -0.24674285
 C   4.09809615 0.34250858 0.10646745
 H   4.98641691 -0.26091020 -0.19656957
 C   4.35461812 1.82470014 -0.05792199
 H   5.18995513 2.16268649 0.57238661
 H   4.61240963 2.08226822 -1.09627560
 H   3.48183613 2.43276775 0.21972415
Cl  -0.03365954 2.08596598 1.21738401
Cl  -1.57705853 -1.12228821 -2.22040479
Cl   3.02652764 0.26554218 -2.35196803
Cl   3.85534627 0.02965908 1.87839386
Cl  -2.59487248 -2.80150240 1.54584304
Cl  -4.06358576 1.35582239 -0.14955885
$end
$temperature
298.15
$end
$mult
 1
$end
$sigma
 1
$end
$pressure
1.00000
$end
$scale
1.093
$end
$msrrho
$end
$freq
12.76
16.77
20.39
30.96
46.30
53.85
57.99
71.52
87.64
101.07
133.73
148.32
150.85
178.55
187.99
211.39
227.45
244.56
278.31
287.06
288.17
308.83
328.07
354.34
365.14
380.40
391.29
411.21
436.14
488.37
518.29
523.88
563.99
705.74
711.90
715.20
724.56
740.11
795.14
825.27
911.78
931.24
948.49
970.13
998.10
1021.75
1043.77
1046.39
1070.15
1106.51
1117.89
1125.07
1129.44
1142.21
1152.11
1156.98
1161.05
1170.61
1177.18
1180.22
1183.74
1187.88
1191.95
1194.13
1205.72
1208.87
1216.01
1229.43
1235.30
1238.06
1240.20
1246.37
1248.43
1252.65
1256.34
1264.55
1266.64
1268.99
1281.15
1286.31
1289.49
1301.61
1315.33
1324.14
1342.95
1343.80
1346.11
1352.74
2635.41
2638.54
2648.16
2653.20
2654.52
2657.66
2658.79
2670.25
2670.96
2673.28
2681.27
2683.23
2691.45
2692.32
2722.60
2725.90
2735.74
2740.32
2784.84
2785.30
$end
