$molecule
 C  -1.83825185 1.87308161 1.02064073
 H  -1.02568610 1.35194180 1.57275678
 C  -1.25102641 2.84228156 0.00663685
 H  -0.59521109 3.58734945 0.51455358
 H  -2.34815262 2.47467766 1.80953700
 C  -2.26026926 3.50885201 -0.89924356
 H  -2.78769547 2.79301881 -1.54665892
 H  -3.02558607 4.04116552 -0.31717612
 H  -1.79078569 4.24760697 -1.56534539
 C  -1.06692999 -0.96459354 0.21794271
 H  -0.32301918 -0.23652144 0.62532655
 C  -2.22088390 -0.21120136 -0.41920727
 H  -1.91856952 0.21241886 -1.40570070
 C  -2.84380653 0.84943173 0.48022472
 H  -3.65897149 1.37205678 -0.06368672
 H  -3.35067481 0.36440811 1.34682981
 C  -0.39641745 -1.95587748 -0.71842277
 H  -1.11349231 -2.74257308 -1.04251959
 H  -0.10455034 -1.43524750 -1.65582806
 C   0.83225822 -2.63761699 -0.09776344
 H   1.37797603 -3.18454613 -0.89440759
 H   0.49831909 -3.42079972 0.61568159
 C   1.79163580 -1.68778555 0.63153188
 H   2.64361982 -2.27326766 1.04041254
 H   1.29161660 -1.28298835 1.53785060
 C   2.29015405 -0.56443469 -0.26207075
 H   1.49422447 -0.17067234 -0.93220680
 C   3.00587282 0.55346284 0.48392457
 H   3.79388015 0.16921781 1.16875427
 C   3.51570306 1.65480641 -0.41507155
 H   2.74998590 2.01926482 -1.11641577
 H   3.86438598 2.52778863 0.15619161
 H   4.36965395 1.32074901 -1.02457992
Cl  -0.09276405 1.95587519 -1.07083208
Cl  -1.64621587 -1.83587663 1.66797011
Cl   3.49767350 -1.27904552 -1.38556026
Cl   1.78335374 1.30316228 1.58452485
Cl  -3.52506309 -1.36619551 -0.84821474
$end
$temperature
298.15
$end
$mult
 1
$end
$sigma
 1
$end
$pressure
1.00000
$end
$scale
1.093
$end
$msrrho
$end
$freq
24.48
36.75
46.24
49.86
70.21
73.34
83.90
106.65
114.01
127.46
157.71
163.39
176.22
181.11
192.59
209.06
248.21
269.13
277.55
298.90
324.98
328.50
334.84
361.35
384.79
404.09
456.60
480.86
505.47
549.01
572.25
640.70
667.80
691.32
719.31
762.12
848.92
890.94
913.18
944.40
962.08
970.77
1021.23
1029.12
1039.42
1051.70
1068.36
1089.59
1113.50
1127.64
1133.69
1142.23
1156.52
1160.60
1173.85
1184.14
1188.13
1193.18
1197.82
1208.03
1212.87
1225.01
1231.97
1235.10
1240.65
1253.59
1273.79
1275.88
1277.43
1279.47
1281.62
1285.48
1286.51
1288.57
1299.57
1309.56
1311.11
1320.77
1325.91
1327.81
1337.90
1357.85
1364.40
1394.96
1397.32
1399.98
1402.51
2637.19
2637.93
2642.28
2645.03
2654.52
2657.31
2657.99
2662.80
2663.86
2667.15
2669.12
2669.69
2678.62
2688.21
2729.83
2731.86
2732.85
2735.01
2737.28
2777.82
2778.05
$end
