$molecule
 C   2.03148251 -2.21704470 0.28099041
 H   1.86490574 -1.59593820 1.20240742
 C   1.06763170 -3.38803214 0.32256751
 H   0.02882718 -3.04429603 0.07524920
 H   3.08836080 -2.59172758 0.31980177
 C   1.08844754 -4.06595308 1.67156130
 H   0.40337369 -4.94793866 1.68171489
 H   2.11865708 -4.41352207 1.92665156
 H   0.75132790 -3.34581118 2.45712772
 C   2.18555138 0.98992560 -0.10841668
 H   1.74406289 0.59008005 0.84121364
 C   2.74774808 -0.14607123 -0.94708799
 H   2.89252864 0.21253493 -2.00075900
 H   3.75752055 -0.44557972 -0.55826745
 C   1.83607739 -1.35756232 -0.95039577
 H   0.76325750 -1.03334003 -1.01518825
 H   2.05339529 -1.97121849 -1.86527226
 C   1.15541012 1.79929265 -0.87614767
 H   1.67700350 2.44097430 -1.63565897
 H   0.49727519 1.08664514 -1.44308342
 C   0.30401785 2.67843081 0.01662884
 H  -0.14730247 3.49811441 -0.60377020
 H   0.95791724 3.16981149 0.78610431
 C  -0.79754322 1.91878184 0.72767119
 H  -1.13587389 2.50806605 1.62149807
 H  -0.38980650 0.94429653 1.10974350
 C  -1.99120768 1.63643574 -0.16976084
 H  -1.65507608 1.33369076 -1.19583160
 C  -2.90770864 0.56615458 0.41418774
 H  -3.14743343 0.80622754 1.48252850
 C  -4.17332154 0.36578907 -0.38401641
 H  -4.83222047 1.26394122 -0.28937893
 H  -3.94191546 0.20564091 -1.46481227
 H  -4.73660901 -0.52196055 -0.00520831
Cl   1.45871029 -4.56919381 -0.94446700
Cl   3.51001831 2.04372712 0.43237364
Cl  -2.90754603 3.13647435 -0.41879068
Cl  -2.02737101 -0.98040975 0.48083837
$end
$temperature
298.15
$end
$mult
 1
$end
$sigma
 1
$end
$pressure
1.00000
$end
$scale
0.961
$end
$msrrho
$end
$freq
10.51
19.71
25.79
30.06
37.65
49.22
52.40
83.19
102.18
130.65
161.47
164.56
186.27
207.35
225.27
262.53
293.65
300.60
335.47
355.45
362.05
365.53
389.83
424.61
479.86
485.00
502.71
512.94
546.15
705.73
742.40
763.80
770.18
823.48
892.09
916.89
955.47
982.81
1006.50
1011.10
1017.94
1064.49
1066.29
1075.70
1110.10
1120.92
1136.95
1146.53
1171.47
1194.05
1199.93
1204.74
1208.93
1213.31
1215.68
1224.79
1228.49
1236.75
1241.30
1248.84
1251.99
1262.28
1276.38
1284.98
1296.43
1315.69
1329.37
1365.98
1376.01
1382.81
1385.32
1388.82
1390.32
1395.02
1396.26
1398.34
1398.74
1403.10
1405.70
1406.88
1409.65
1416.76
1430.98
1431.59
1433.65
1444.93
3002.07
3007.01
3009.15
3014.74
3016.11
3020.91
3022.15
3027.79
3031.12
3039.24
3055.40
3059.24
3065.06
3065.81
3077.32
3081.48
3085.48
3089.91
3091.48
3095.97
3153.53
3155.18
$end
