$molecule
 H  -0.00775885 -1.21132780 -0.55138681
 C   0.03353954 -0.33911363 0.14635347
 C   1.46988024 0.03255287 0.43054641
 H  -0.50140827 -0.61015976 1.08863467
 H  -0.50116140 0.51747844 -0.33241497
 C   2.20795213 -1.03880667 1.22810032
Cl   1.49596833 1.56488128 1.32622353
 H   2.01804590 0.24514249 -0.52415772
 C   3.66800703 -0.67960060 1.44397378
Cl   2.10261833 -2.58954973 0.36899837
 H   1.69212732 -1.21181108 2.20940709
 C   4.35952269 -1.61503756 2.42250519
 H   3.73358292 0.37654876 1.82536474
 H   4.21166025 -0.71574699 0.46127100
 C   5.87544548 -1.44160622 2.36152069
Cl   3.74565246 -1.37141089 4.06054354
 H   4.10578356 -2.68278839 2.17524009
 C   6.61792401 -2.48545730 3.19644423
Cl   6.33346780 0.18544526 2.87535812
 H   6.20045498 -1.51483475 1.28742955
 C   8.13275795 -2.29249488 3.16729343
Cl   6.19103033 -4.10772326 2.63999120
 H   6.26086759 -2.43233545 4.26279489
 C   8.86324032 -3.24636776 4.11343996
Cl   8.74793208 -2.49074905 1.52131155
 H   8.37351377 -1.22931222 3.44789731
 C  10.37663171 -3.04018064 4.09352509
Cl   8.23616196 -3.06315784 5.75526085
 H   8.63614452 -4.31095768 3.82682520
 C  11.12446285 -4.10213769 4.89671095
Cl  10.79356588 -1.42925610 4.68937323
 H  10.73784458 -3.06027143 3.02867725
 C  12.61982923 -3.88774466 4.87926160
Cl  10.76740525 -5.70752589 4.22877071
 H  10.74477727 -4.13282452 5.95186484
 H  13.13869894 -4.74783095 5.36926011
 H  12.88078544 -2.95652385 5.43979882
 H  12.99863272 -3.79347404 3.83286779
$end
$temperature
298.15
$end
$mult
 1
$end
$sigma
 1
$end
$pressure
1.00000
$end
$scale
0.961
$end
$msrrho
$end
$freq
10.89
18.31
19.00
21.12
34.18
42.02
44.29
56.54
62.12
70.28
98.26
120.39
131.49
139.13
151.53
164.94
166.78
170.18
182.94
185.60
189.87
242.75
283.55
292.88
312.09
319.64
330.32
332.24
361.03
372.83
398.72
417.06
459.45
480.54
499.13
533.07
590.63
656.41
686.24
732.59
764.50
769.88
773.15
780.43
797.33
835.41
857.54
875.87
985.04
1006.67
1010.71
1065.79
1066.53
1117.19
1123.62
1128.29
1132.49
1152.78
1158.45
1160.70
1170.78
1182.37
1192.28
1203.89
1205.55
1216.60
1217.69
1222.03
1227.53
1232.64
1234.98
1240.36
1241.89
1259.75
1265.73
1274.01
1280.93
1284.22
1310.02
1342.71
1361.71
1369.90
1370.66
1382.85
1382.97
1385.69
1388.83
1388.89
1414.71
1432.77
1433.17
2982.38
2985.93
2991.31
2998.89
2999.69
3004.42
3009.34
3018.62
3027.18
3036.19
3055.82
3056.21
3064.15
3064.50
3075.45
3153.37
3153.61
$end
