$molecule
 C  -1.71926517 2.03047410 0.86931894
 H  -0.74698598 1.62382194 1.25886337
 C  -1.43996572 2.94590931 -0.30837031
 H  -0.98467218 3.89563571 0.08362999
 H  -2.15020968 2.67691124 1.68526160
 C  -2.65774505 3.26973921 -1.13593072
 H  -3.03179098 2.36727967 -1.67853066
 H  -3.47153119 3.64816321 -0.46938870
 H  -2.41899787 4.05833218 -1.89054633
 C  -1.10749881 -1.05643644 0.37273969
 H  -0.37379465 -0.37385228 0.88300450
 C  -2.17978914 -0.19295089 -0.28161731
 H  -1.74978717 0.26674472 -1.21311529
 C  -2.69888823 0.89922781 0.63635629
 H  -3.65081043 1.31737965 0.21024423
 H  -2.95749662 0.44699601 1.63289824
 C  -0.38652260 -1.90985755 -0.65483630
 H  -1.09641820 -2.67752964 -1.06647432
 H  -0.08775885 -1.24643486 -1.51200098
 C   0.83809491 -2.62338977 -0.12350298
 H   1.34360496 -3.13075315 -0.98931111
 H   0.51254123 -3.42783513 0.59065408
 C   1.84171399 -1.74727292 0.59565078
 H   2.72194673 -2.38056377 0.89037791
 H   1.38170419 -1.36861888 1.54881806
 C   2.32737869 -0.56345904 -0.22084496
 H   1.46621376 -0.02723871 -0.70136888
 C   3.13666168 0.42262486 0.61619311
 H   3.96836968 -0.11051837 1.14517226
 C   3.66949736 1.57916984 -0.19520778
 H   2.84487274 2.08314188 -0.75657716
 H   4.15728856 2.33090982 0.47217437
 H   4.43079964 1.21520352 -0.92819265
Cl  -0.15885875 2.28799877 -1.35601369
Cl  -1.76820924 -2.05262738 1.67479343
Cl   3.31983900 -1.14464452 -1.57299581
Cl   2.11050005 1.07147347 1.91906227
Cl  -3.53558693 -1.17163524 -0.86168731
$end
$temperature
298.15
$end
$mult
 1
$end
$sigma
 1
$end
$pressure
1.00000
$end
$scale
0.961
$end
$msrrho
$end
$freq
18.81
23.78
29.26
32.14
38.64
46.22
50.44
86.87
110.26
134.16
165.66
174.12
187.34
199.92
212.17
220.06
263.00
294.70
320.48
333.57
347.37
351.29
363.84
375.46
390.44
428.53
493.29
512.01
537.13
593.75
603.73
689.11
708.91
749.70
765.16
814.24
861.83
917.77
955.61
981.95
990.07
1015.64
1045.62
1050.20
1065.82
1072.40
1083.43
1122.32
1136.56
1141.38
1151.00
1165.17
1174.16
1196.15
1201.75
1202.18
1207.31
1217.60
1218.38
1224.37
1236.53
1245.62
1251.68
1261.59
1271.52
1285.10
1300.98
1310.24
1360.78
1365.04
1382.69
1383.48
1385.20
1388.78
1391.22
1395.07
1397.20
1402.05
1402.79
1405.99
1409.95
1414.12
1421.00
1423.25
1428.16
1433.50
1434.17
2994.09
2994.35
2998.36
2999.02
3006.36
3011.42
3013.21
3014.62
3019.60
3036.99
3056.46
3057.54
3060.59
3061.51
3071.21
3078.33
3080.36
3081.73
3083.43
3151.47
3152.09
$end
