$molecule
 H   0.37359951 -0.48948343 0.04568337
 C   0.16290569 -0.24629357 1.11551748
 C   1.45654430 0.00618354 1.86517937
 H  -0.50936215 0.64228806 1.15650089
 H  -0.37691192 -1.11254754 1.57101223
 C   2.15263021 1.30901370 1.44787539
Cl   1.04799658 0.19993859 3.62034035
 H   2.13993296 -0.87644796 1.79657300
 C   3.49046330 1.55351434 2.15156680
Cl   2.41412508 1.26054285 -0.32664831
 H   1.45909567 2.17362987 1.63809217
 C   4.27064192 2.75727243 1.59968224
Cl   4.56050857 0.12676399 1.95358233
 H   3.31986679 1.66242121 3.26093670
 C   3.46958916 4.06112757 1.53785500
Cl   5.71225083 2.97450647 2.64297086
 H   4.66267678 2.51754805 0.56952800
 C   4.32550406 5.33005482 1.39349952
Cl   2.49592648 4.25319779 3.03080123
 H   2.73078377 3.99829568 0.68802258
 C   5.31850434 5.27211393 0.22826666
Cl   3.18110914 6.68905058 1.14876056
 H   4.87253529 5.54865500 2.35476530
 C   6.05429701 6.59462997 -0.02019681
Cl   4.43035066 4.83605274 -1.26901288
 H   6.07059226 4.45286138 0.40665724
 C   7.06272802 6.51109640 -1.17131611
Cl   6.94957734 6.99488317 1.48275219
 H   5.32568913 7.43254611 -0.20442452
 C   7.73246063 7.85753016 -1.48164389
Cl   8.35394123 5.35166332 -0.71803375
 H   6.57532698 6.10314809 -2.09716069
 C   8.79410265 7.76666523 -2.55952537
Cl   6.41765211 8.94583318 -2.09189547
 H   8.13350525 8.34088845 -0.55573742
 H   8.40298945 7.25386503 -3.46919396
 H   9.68330906 7.20375585 -2.18402338
 H   9.12774478 8.79206633 -2.85288912
$end
$temperature
298.15
$end
$mult
 1
$end
$sigma
 1
$end
$pressure
1.00000
$end
$scale
1.093
$end
$msrrho
$end
$freq
16.32
22.11
25.16
32.61
40.14
49.06
56.53
58.47
65.20
72.99
92.99
102.38
121.12
123.31
147.35
150.99
158.28
160.44
162.74
173.43
179.63
190.05
219.34
232.92
244.80
280.65
293.93
304.78
311.24
317.82
382.47
398.42
403.98
404.81
445.98
472.39
477.54
557.85
599.56
619.61
638.28
722.30
725.64
727.58
740.99
755.23
786.05
796.01
817.80
833.82
852.65
966.90
970.83
1044.50
1046.32
1052.25
1083.60
1099.58
1120.38
1124.26
1137.90
1145.06
1146.02
1148.03
1162.79
1173.12
1176.37
1181.31
1181.96
1185.76
1195.28
1197.57
1200.27
1203.21
1207.42
1226.75
1251.40
1255.49
1261.02
1265.05
1274.17
1279.57
1286.27
1293.35
1294.70
1317.83
1337.40
1337.70
1349.30
1349.74
1409.46
1409.67
2615.41
2618.66
2621.34
2627.96
2635.08
2636.78
2639.85
2641.12
2651.35
2651.74
2654.92
2655.04
2671.33
2671.77
2847.59
2847.72
$end
