$molecule
 H   0.83179793 -0.91719017 -0.35380620
 C   0.68470464 -0.64486199 0.71958782
 C   2.01968466 -0.46556973 1.40230459
 H   0.10642400 0.31044702 0.76864953
 H   0.08554875 -1.45003111 1.21026824
 C   1.86434348 -0.02353999 2.85272574
Cl   2.97963905 -1.94301386 1.26537903
 H   2.62111449 0.31404399 0.86031085
 C   3.20229568 0.36370849 3.45799128
Cl   1.07449755 -1.26495727 3.83261371
 H   1.15965059 0.85192268 2.87825379
 C   3.05658212 1.11010577 4.77291218
 H   3.81726307 -0.56137208 3.63128804
 H   3.76222372 1.00392460 2.72307531
 C   4.39088208 1.19878010 5.50515762
Cl   2.34877301 2.70897572 4.50560068
 H   2.31925403 0.58022407 5.43553082
 C   4.25242606 1.73330200 6.92090166
Cl   5.54812822 2.19205984 4.61193106
 H   4.85309937 0.17382302 5.52760842
 C   3.70434620 0.69684080 7.88720095
 H   3.56617254 2.62370845 6.91995866
 H   5.25386349 2.08613681 7.28876968
 C   3.37039774 1.34679241 9.21865863
Cl   4.87889583 -0.61407338 8.12150196
 H   2.79722089 0.19299475 7.46167865
 C   2.58342434 0.43074371 10.13972006
 H   2.77787927 2.28274637 9.02582184
 H   4.32033956 1.65339237 9.73410300
 C   2.56636398 0.96037874 11.56872385
Cl   0.94889519 0.18189334 9.51552053
 H   3.04402274 -0.59466301 10.15259726
 C   1.96065304 -0.03105793 12.53335971
Cl   1.73060539 2.51338108 11.68317668
 H   3.62491509 1.18567437 11.87185690
 H   2.52358474 -0.99544262 12.48377708
 H   2.01670011 0.36083456 13.57797498
 H   0.88931817 -0.23059004 12.28725019
$end
$temperature
298.15
$end
$mult
 1
$end
$sigma
 1
$end
$pressure
1.00000
$end
$scale
0.961
$end
$msrrho
$end
$freq
10.32
16.41
19.63
30.88
33.54
48.05
51.55
65.59
79.92
93.57
108.29
130.87
159.30
161.15
170.40
175.79
178.82
188.86
204.91
220.74
253.52
288.83
309.94
321.54
366.02
383.98
397.78
437.28
452.28
503.20
548.06
562.24
590.51
602.31
610.85
711.33
718.01
721.05
741.59
783.19
786.14
847.80
939.37
985.19
998.82
1017.90
1018.87
1056.61
1056.88
1112.07
1131.08
1132.29
1135.63
1139.72
1142.76
1177.98
1194.80
1196.70
1210.43
1211.72
1217.23
1219.32
1223.05
1225.82
1232.74
1236.83
1262.19
1271.74
1275.88
1276.14
1286.37
1293.57
1297.81
1304.19
1356.89
1369.94
1374.39
1382.20
1382.51
1386.94
1388.36
1389.26
1389.39
1391.64
1410.20
1418.53
1421.55
1432.91
1433.08
2997.97
2998.72
3000.92
3007.43
3010.20
3011.38
3011.53
3013.30
3015.82
3027.40
3058.45
3058.62
3062.68
3062.71
3078.01
3078.94
3081.73
3153.52
3153.53
$end
