$molecule
 H   0.79086131 -0.93783595 -0.50267827
 C   0.90757990 -1.17116435 0.58201952
 C   1.86145364 -0.18330713 1.22563453
 H  -0.09106212 -1.12815480 1.07513772
 H   1.29915588 -2.21600160 0.66799026
 C   1.91734246 -0.27801844 2.75420986
Cl   3.50314950 -0.44824244 0.51824263
 H   1.59650575 0.86963210 0.94234792
 C   3.14439880 0.40489318 3.35577530
Cl   1.91566489 -1.99941622 3.29215739
 H   0.96865346 0.15510715 3.17128272
 C   2.99785402 0.61176383 4.86139117
 H   4.06001144 -0.21850678 3.15937900
 H   3.29940755 1.39449913 2.84578170
 C   4.31773164 0.95468509 5.55549793
Cl   1.77497241 1.91330580 5.13048604
 H   2.56602174 -0.30497851 5.35050658
 C   4.18843956 1.58225459 6.94472859
Cl   5.27033021 2.11586887 4.55467171
 H   4.94958340 0.02534496 5.59843429
 C   3.34400813 0.76316348 7.91742099
 H   3.72986960 2.60533898 6.85219350
 H   5.22290157 1.71183829 7.36089620
 C   3.41475186 1.30532383 9.34311012
Cl   3.99071164 -0.93595659 7.93626226
 H   2.28314477 0.67537239 7.57148467
 C   2.41768298 0.61237378 10.27112813
 H   3.19509265 2.40879290 9.31822511
 H   4.45080443 1.17527971 9.75139203
 C   2.70538969 0.85327893 11.75733937
Cl   0.76354139 1.17972576 9.83439689
 H   2.39808490 -0.49623092 10.09038343
 C   1.52678257 0.57055126 12.66831190
Cl   3.22461734 2.56420764 12.02961376
 H   3.59526312 0.23747514 12.05344787
 H   1.09159921 -0.43109771 12.44442848
 H   1.85249610 0.59839950 13.73493118
 H   0.72589821 1.34072775 12.53387393
$end
$temperature
298.15
$end
$mult
 1
$end
$sigma
 1
$end
$pressure
1.00000
$end
$scale
1.093
$end
$msrrho
$end
$freq
12.88
17.61
25.84
34.20
39.97
45.08
52.60
66.91
75.27
85.48
101.93
124.18
154.85
164.78
183.92
189.05
191.51
214.40
230.72
260.98
268.32
278.24
318.24
340.01
373.45
377.08
391.63
414.01
417.27
489.64
499.50
521.79
569.67
577.16
586.76
663.03
678.87
684.43
699.97
731.77
739.07
771.90
917.92
947.39
961.66
982.20
990.43
1033.86
1035.26
1047.40
1105.92
1114.28
1119.14
1125.38
1128.27
1138.85
1149.61
1154.46
1173.68
1175.90
1177.17
1178.20
1180.90
1184.70
1189.31
1196.23
1199.63
1203.87
1224.75
1235.43
1250.20
1254.91
1262.21
1266.53
1269.33
1270.46
1286.46
1335.11
1335.52
1338.66
1352.83
1355.84
1358.05
1358.34
1360.32
1363.12
1369.26
1407.57
1407.90
2610.24
2614.19
2617.78
2633.78
2641.24
2641.93
2646.42
2647.01
2647.73
2655.72
2663.09
2663.42
2666.25
2666.39
2750.64
2751.43
2758.10
2847.60
2847.79
$end
