$molecule
 H  -0.07801524 -0.53636384 -0.11803930
 C   0.00633793 -0.10299730 0.90807711
 C   1.46325575 0.04412335 1.30247096
 H  -0.53573941 -0.76736135 1.62167605
 H  -0.49392104 0.89537070 0.91147591
 C   2.18357364 -1.29686708 1.49350702
Cl   1.51320047 0.89430636 2.90253704
 H   2.01415170 0.70219095 0.58755475
 C   3.66019577 -1.14524165 1.85427643
Cl   2.08941983 -2.15967024 -0.09374580
 H   1.64299238 -1.93951265 2.23401102
 C   4.32765582 -2.48862774 2.14637033
 H   3.75151113 -0.48590725 2.75967052
 H   4.20115278 -0.64806095 1.00771091
 C   5.83273528 -2.34925584 2.37372822
Cl   3.60101683 -3.14966540 3.67322960
 H   4.10173291 -3.24582904 1.35276997
 C   6.52130601 -3.70988461 2.49254448
 H   6.01830838 -1.75642363 3.30665375
 H   6.27639491 -1.78088442 1.51166206
 C   7.95421996 -3.58503090 3.01967751
Cl   6.54077853 -4.46837271 0.85995082
 H   5.93108117 -4.40643246 3.14875953
 C   8.70345671 -4.92085558 3.09397228
Cl   8.87847514 -2.49517996 1.93246015
 H   7.93861269 -3.09085908 4.02964789
 C  10.13119762 -4.78423902 3.63204190
Cl   7.78431702 -5.98737181 4.20850400
 H   8.71340987 -5.42692389 2.08815237
 C  10.90926442 -6.10779635 3.61603297
Cl  10.04924351 -4.22101188 5.33433374
 H  10.69726764 -3.99939229 3.06218117
 C  12.29013304 -6.00231852 4.23217433
Cl  11.11609914 -6.54904266 1.87026505
 H  10.31972112 -6.93768665 4.08012213
 H  12.21318190 -5.85178863 5.33656393
 H  12.86277571 -6.94371129 4.04640851
 H  12.86384593 -5.15286626 3.79335751
$end
$temperature
298.15
$end
$mult
 1
$end
$sigma
 1
$end
$pressure
1.00000
$end
$scale
1.093
$end
$msrrho
$end
$freq
12.19
18.58
25.58
27.55
40.13
42.80
52.57
59.35
71.65
78.29
97.60
117.78
124.20
146.13
155.36
163.90
165.41
171.17
179.73
217.12
275.04
279.73
293.78
303.75
314.52
323.96
349.41
373.32
386.42
401.49
405.24
456.15
474.90
495.01
547.84
587.98
640.29
666.39
701.33
723.08
725.94
734.95
758.23
791.42
825.63
927.69
963.91
967.75
993.03
1046.33
1047.44
1071.08
1090.56
1107.92
1115.91
1124.40
1128.85
1138.02
1141.00
1146.28
1151.07
1153.29
1164.41
1172.94
1175.78
1180.69
1186.43
1192.35
1200.62
1201.74
1210.83
1224.42
1249.50
1255.13
1260.52
1280.98
1288.24
1291.40
1302.31
1307.46
1337.72
1337.77
1341.80
1348.94
1349.56
1351.47
1359.66
1366.52
1409.71
1410.47
2617.32
2620.73
2623.37
2634.11
2640.62
2645.70
2651.76
2652.06
2653.23
2655.44
2655.75
2658.08
2672.03
2678.95
2751.37
2758.32
2847.84
2848.11
$end
