$molecule
 C   2.16054583 -2.43873437 -0.18433224
 H   2.72600762 -2.45070720 0.78087609
 C   0.67707246 -2.28512611 0.13815040
 H   0.43664446 -1.27221529 0.53402822
 H   2.31307994 -3.42942725 -0.68521477
 C   0.14169829 -3.36803664 1.05639227
 H  -0.95019747 -3.20915134 1.23647882
 H   0.28110075 -4.37841962 0.60787670
 H   0.66710154 -3.32988759 2.03866022
 C   2.15913957 0.86229672 0.11689578
 H   1.52679491 0.38694291 0.89860450
 C   3.24877866 -0.09067977 -0.37926963
 H   3.91399257 0.46883742 -1.08675995
 H   3.87491784 -0.40057416 0.49569461
 C   2.73627539 -1.34719764 -1.09993138
 H   1.98313164 -1.06240103 -1.87281281
 H   3.61136318 -1.79303099 -1.64138635
 C   1.32560150 1.49939640 -0.99067256
 H   2.01112129 2.03175641 -1.69917211
 H   0.81065290 0.68655753 -1.56148608
 C   0.27884754 2.51301368 -0.50352502
 H  -0.23340277 2.93499614 -1.40556365
 H   0.80289047 3.35379886 0.01897451
 C  -0.78321744 1.95513132 0.45586362
 H  -1.42228673 2.80772618 0.80244500
 H  -0.27003084 1.53470084 1.35678519
 C  -1.67059922 0.88940747 -0.17971072
 H  -1.07146457 0.11829461 -0.72087886
 C  -2.65769811 0.22749934 0.78931303
 H  -3.31805052 0.98370268 1.27791901
 C  -3.45482548 -0.89487522 0.15564692
 H  -4.12248994 -0.48978074 -0.64353301
 H  -2.77708253 -1.65561396 -0.30448196
 H  -4.08586901 -1.40267064 0.92219846
Cl  -0.26439110 -2.39740180 -1.42655588
Cl   3.03428808 2.20120362 0.99882104
Cl  -2.68700310 1.69076406 -1.44844367
Cl  -1.67970111 -0.50528642 2.13902594
$end
$temperature
298.15
$end
$mult
 1
$end
$sigma
 1
$end
$pressure
1.00000
$end
$scale
1.093
$end
$msrrho
$end
$freq
17.36
29.58
47.91
54.34
73.27
81.69
88.55
95.85
123.99
148.21
174.13
178.87
190.62
205.55
249.41
265.92
287.84
296.21
334.11
343.72
349.68
377.33
390.82
405.83
436.32
460.53
489.66
495.05
510.83
642.27
686.04
708.38
719.67
838.93
842.46
871.90
908.45
937.86
951.15
975.00
980.89
1007.52
1019.51
1045.73
1058.21
1085.83
1101.64
1110.52
1127.16
1137.13
1149.52
1153.10
1158.80
1165.74
1174.29
1181.91
1187.56
1191.63
1198.07
1200.59
1213.57
1215.36
1226.43
1244.06
1254.54
1268.74
1276.82
1282.13
1322.07
1327.43
1335.74
1338.76
1339.15
1342.19
1347.37
1349.44
1351.05
1356.30
1359.09
1366.91
1368.44
1371.49
1386.23
1387.08
1404.21
1411.06
2622.75
2628.46
2629.14
2633.40
2635.37
2638.53
2649.75
2657.50
2659.77
2663.99
2666.14
2675.35
2682.21
2684.10
2761.92
2764.98
2765.86
2767.16
2768.58
2770.49
2846.99
2849.98
$end
