$molecule
 C   3.09323032 0.68940214 -0.84851550
 H   2.37418956 0.31629995 -1.61081998
 C   2.69336579 2.07860627 -0.41266091
 H   2.73691639 2.80165328 -1.25884401
 H   4.05380152 0.77568598 -1.40888843
 C   3.35523333 2.60985958 0.82628144
 H   4.45223801 2.57210872 0.73937822
 H   3.08190478 3.65892085 1.01822935
 H   3.08375178 2.05731565 1.73747992
 C   0.88549062 -1.16922104 0.16937873
 H   0.65621864 -0.49764798 -0.68497389
 C   2.00263279 -0.65233806 1.04680423
 H   1.63997162 0.24154800 1.60137245
 H   2.24174850 -1.39568803 1.83956433
 C   3.27143315 -0.33772668 0.26306657
 H   4.07103674 -0.01440502 0.96370295
 H   3.66527426 -1.27979927 -0.18424482
 C  -0.33292024 -1.60196301 0.95090464
 H  -0.05148860 -2.38680680 1.68826345
 H  -0.70109974 -0.76142300 1.58149415
 C  -1.44779180 -2.13595850 0.05946127
 H  -2.29295663 -2.46756260 0.70287634
 H  -1.10136712 -3.05767928 -0.45917178
 C  -1.96132842 -1.14176312 -0.97769496
 H  -2.86050933 -1.57350429 -1.47108022
 H  -1.23168589 -1.02148769 -1.80890898
 C  -2.28229574 0.21996695 -0.40503309
 H  -1.39739753 0.74706482 0.01703837
 C  -3.08481584 1.09471807 -1.34469237
 H  -2.57188617 1.15213394 -2.32953717
 H  -4.07097359 0.63115099 -1.56183154
 C  -3.27118505 2.48511268 -0.76086933
 H  -3.88167068 3.12194489 -1.41683027
 H  -3.77572624 2.45366172 0.21689138
 H  -2.31435144 3.00736064 -0.61260862
Cl   0.83904138 2.03545023 -0.02473926
Cl   1.54781329 -2.73634613 -0.65022342
Cl  -3.39672171 -0.07250103 1.08147512
$end
$temperature
298.15
$end
$mult
 1
$end
$sigma
 1
$end
$pressure
1.00000
$end
$scale
1.0
$end
$msrrho
$end
$freq
16.99
28.82
39.73
50.15
57.41
77.38
89.42
121.82
131.05
162.01
190.72
193.24
195.18
239.46
253.82
267.78
291.58
306.50
321.00
357.14
373.49
382.03
452.53
459.09
482.13
542.71
569.29
577.81
592.08
595.81
819.36
839.61
868.50
895.59
930.79
960.45
975.28
988.65
1002.43
1012.85
1024.86
1041.13
1055.32
1087.51
1099.69
1112.58
1115.52
1128.54
1139.16
1142.06
1150.31
1154.89
1165.01
1172.07
1180.39
1188.62
1190.86
1193.80
1202.91
1210.70
1217.01
1235.04
1247.99
1248.66
1271.49
1279.56
1288.88
1289.33
1294.44
1298.16
1300.44
1302.35
1305.77
1308.88
1314.08
1319.80
1329.00
1336.47
1344.40
1351.01
1356.65
1357.34
1370.05
1382.10
1385.25
2909.94
2914.03
2915.69
2920.06
2926.96
2931.61
2934.09
2945.18
2953.98
2955.05
2975.13
2977.80
2978.38
2983.24
2985.44
2985.98
2987.94
3017.82
3020.38
3020.64
3025.76
3078.33
3081.45
$end
