$molecule
 C   2.88321517 0.96746838 -0.71064854
 H   1.79140122 1.03350497 -0.96511923
 C   3.37729965 2.35516817 -0.34480436
 H   3.05195032 3.07466593 -1.14371663
 H   3.42106084 0.66439245 -1.65029838
 C   4.87615541 2.42585965 -0.18502456
 H   5.36764825 2.07114491 -1.12430035
 H   5.19973015 3.47705569 0.01094088
 H   5.22844645 1.78782941 0.66106839
 C   0.89556366 -1.34093823 0.23598005
 H   0.78315172 -0.90566280 -0.79061590
 C   1.83083382 -0.48827658 1.07454486
 H   1.28271960 0.44180891 1.38706282
 H   2.10089167 -1.04621715 2.01045554
 C   3.10155291 -0.09480296 0.34943018
 H   3.83922375 0.27214977 1.11205240
 H   3.55108610 -1.00573750 -0.12879311
 C  -0.46013548 -1.47831640 0.90685638
 H  -0.35820392 -2.12998689 1.81527176
 H  -0.78317447 -0.46285428 1.26279141
 C  -1.52466710 -2.05628697 -0.00248688
 H  -2.35608217 -2.46712238 0.63079949
 H  -1.09392717 -2.91840808 -0.57883610
 C  -2.09116783 -1.04969689 -0.98239264
 H  -2.57321438 -1.59753093 -1.83547385
 H  -1.25464456 -0.43603386 -1.41337782
 C  -3.10397266 -0.10542626 -0.35876517
 H  -2.73029803 0.27716861 0.62628320
 C  -3.41176857 1.05473927 -1.28879172
 H  -2.43805561 1.47976345 -1.65494297
 H  -3.96959250 0.68049390 -2.18744586
 C  -4.20244522 2.14395651 -0.61145787
 H  -4.38247300 2.98445952 -1.32471436
 H  -5.19138650 1.75959994 -0.26228351
 H  -3.64886362 2.54382781 0.27247345
Cl   2.57865803 2.95792260 1.12119874
Cl   1.60719587 -2.94596184 -0.04381642
Cl  -4.59553424 -0.98259162 0.04404242
$end
$temperature
298.15
$end
$mult
 1
$end
$sigma
 1
$end
$pressure
1.00000
$end
$scale
0.961
$end
$msrrho
$end
$freq
13.07
17.11
25.52
33.81
43.20
57.96
75.65
83.30
115.84
133.41
153.05
173.19
177.04
227.39
250.41
267.16
306.13
351.26
364.86
378.40
387.07
412.53
480.17
492.12
505.83
514.46
577.83
690.16
705.86
721.24
845.77
881.41
895.25
923.89
958.02
979.24
993.96
1018.80
1024.27
1059.29
1065.30
1075.51
1093.76
1124.50
1135.09
1145.68
1149.01
1167.74
1196.59
1205.34
1209.60
1214.06
1223.05
1227.69
1232.44
1236.83
1250.94
1263.43
1270.38
1279.02
1284.21
1296.47
1303.56
1310.02
1374.99
1379.73
1383.68
1390.50
1391.88
1392.55
1392.75
1394.52
1396.07
1397.67
1398.80
1400.13
1406.22
1409.61
1410.95
1419.12
1426.28
1434.45
1436.77
1438.51
1438.89
3004.88
3007.75
3009.10
3010.56
3011.63
3014.95
3016.29
3017.57
3031.29
3032.73
3058.27
3060.42
3062.70
3062.78
3076.18
3081.75
3084.98
3086.73
3089.48
3091.16
3091.49
3154.37
3156.12
$end
