$molecule
 H   0.29234649 -0.28111425 -0.01557562
 C   0.16200118 -0.15269238 1.06947527
 C   1.48765018 0.01600980 1.78072576
 H  -0.50932117 0.70359211 1.22130408
 H  -0.37500189 -1.04258824 1.43231702
 C   2.17252697 1.34849191 1.44944810
Cl   1.15326065 0.04995233 3.55944153
 H   2.15694838 -0.85891992 1.59114936
 C   3.51020707 1.56204197 2.16401866
Cl   2.41905659 1.41218593 -0.32721112
 H   1.47235150 2.19158646 1.70289029
 C   4.29011069 2.78391743 1.65277356
Cl   4.57370355 0.13522550 1.93450725
 H   3.33033992 1.64427534 3.27450778
 C   3.46269891 4.07147671 1.58460410
Cl   5.69285346 3.02494516 2.74452000
 H   4.71490443 2.56609502 0.63086066
 C   4.30054926 5.34926305 1.41332649
Cl   2.50427827 4.25475070 3.08978838
 H   2.71819939 3.98519495 0.74202804
 C   5.32025049 5.25846409 0.27208523
Cl   3.14807139 6.69010477 1.11216129
 H   4.83348557 5.59977402 2.37514061
 C   6.00931464 6.59033052 -0.04998595
Cl   4.49618152 4.68296325 -1.21458110
 H   6.09847718 4.48559221 0.53063573
 C   7.03186841 6.48040315 -1.18610680
Cl   6.84230004 7.12439863 1.44622006
 H   5.24936923 7.38045596 -0.30783984
 C   7.75320632 7.80218583 -1.48732938
Cl   8.28820853 5.27643171 -0.75048375
 H   6.53136629 6.10324967 -2.11903124
 C   8.76672784 7.67773367 -2.60431978
Cl   6.48044883 8.96852032 -2.03374066
 H   8.21789180 8.23905513 -0.56901179
 H   8.34065394 7.22328394 -3.50929652
 H   9.63271280 7.06729252 -2.30651277
 H   9.15980855 8.66269082 -2.89938142
$end
$temperature
298.15
$end
$mult
 1
$end
$sigma
 1
$end
$pressure
1.00000
$end
$scale
1.093
$end
$msrrho
$end
$freq
18.49
25.25
28.90
38.97
42.68
53.35
61.02
64.39
71.33
89.07
103.04
106.45
123.69
128.47
152.74
156.65
161.47
163.53
168.01
176.38
183.62
196.13
228.38
238.77
245.81
290.33
299.89
309.83
314.95
321.47
390.61
405.68
406.60
407.37
452.62
479.06
483.05
561.69
602.52
619.71
644.92
724.32
728.69
729.22
737.42
754.44
786.71
799.23
816.56
832.97
853.05
970.95
973.96
1047.04
1049.64
1054.25
1085.87
1101.62
1123.74
1128.48
1140.30
1147.74
1150.11
1152.34
1168.00
1178.94
1180.84
1185.88
1189.40
1189.83
1201.28
1204.36
1205.92
1208.43
1212.30
1230.99
1237.32
1237.57
1250.74
1250.80
1266.89
1267.52
1281.68
1290.35
1295.86
1297.21
1298.57
1302.14
1307.92
1337.11
1348.93
1349.46
2614.60
2616.94
2619.32
2627.57
2633.09
2635.72
2639.75
2640.28
2659.70
2659.98
2680.31
2680.80
2690.33
2690.45
2783.64
2783.74
$end
