$molecule
 H  -0.25436784 -1.23980917 0.01134350
 C  -0.02680140 -0.26246045 0.46749288
 C   1.45362119 0.00435603 0.47430374
 H  -0.46002976 -0.26653031 1.47906817
 H  -0.57385610 0.50156017 -0.10478821
 C   2.23480913 -0.96717563 1.32322052
Cl   1.68944760 1.64488098 1.32897013
 H   1.87864414 0.13849267 -0.54461387
 C   3.71699630 -0.67680873 1.37547144
Cl   2.05810687 -2.58425745 0.39693983
 H   1.78918723 -1.14595659 2.32943069
 C   4.43467993 -1.74467185 2.17203963
 H   3.88343364 0.33421138 1.82577544
 H   4.14725238 -0.61048337 0.35155903
 C   5.92967563 -1.54662941 2.19911910
Cl   3.81909086 -1.58628536 3.91380783
 H   4.16684945 -2.78769111 1.86049947
 C   6.63055121 -2.45145507 3.18355535
Cl   6.28083298 0.16040605 2.79993918
 H   6.37088907 -1.60799217 1.17210379
 C   8.12297230 -2.23928892 3.21535538
Cl   6.31020521 -4.15426023 2.54972414
 H   6.18851042 -2.41180256 4.21572420
 C   8.84759447 -3.29420349 4.01480833
Cl   8.76472891 -2.43773770 1.49238750
 H   8.38459094 -1.19170268 3.52403420
 C  10.34139712 -3.08560792 4.04225908
Cl   8.20675027 -3.08531825 5.73156068
 H   8.58715681 -4.34332249 3.70894909
 C  11.05045081 -3.99689824 5.01409565
Cl  10.66347409 -1.37825434 4.66920443
 H  10.77258231 -3.12015704 3.01057962
 C  12.54235964 -3.81325248 5.02640408
Cl  10.73035608 -5.69645637 4.31017130
 H  10.59295789 -4.00101140 6.03041996
 H  13.03412445 -4.55507366 5.67359358
 H  12.81934112 -2.81543294 5.40411166
 H  12.99243894 -3.92007149 4.02803652
$end
$temperature
298.15
$end
$mult
 1
$end
$sigma
 1
$end
$pressure
1.00000
$end
$scale
1.0
$end
$msrrho
$end
$freq
14.95
24.37
27.14
31.53
47.00
54.19
60.43
65.98
73.26
77.33
93.43
112.18
121.52
125.87
146.69
158.04
162.17
166.43
169.77
173.45
178.53
214.83
238.45
242.71
267.01
273.45
281.27
294.70
315.00
321.84
338.97
379.39
410.59
434.53
449.01
472.76
534.11
565.79
575.09
602.23
609.77
624.19
636.97
644.52
662.22
679.42
723.51
763.58
951.47
972.68
974.84
1021.70
1023.39
1088.96
1092.98
1107.55
1113.41
1117.90
1124.90
1126.56
1139.75
1145.28
1152.44
1156.46
1162.58
1166.62
1170.85
1182.19
1195.74
1200.16
1201.97
1209.42
1216.71
1223.22
1227.11
1234.69
1239.98
1245.11
1263.11
1263.99
1264.28
1269.40
1281.02
1282.13
1313.18
1329.84
1339.66
1352.68
1373.99
1389.02
1396.41
2866.70
2871.27
2879.60
2884.13
2894.67
2907.72
2913.01
2937.24
2942.16
2962.72
2966.16
3010.48
3010.58
3021.66
3022.21
3074.29
3074.44
$end
