$molecule
 C   2.25664692 -2.57909574 -0.36788033
 H   3.05252039 -2.82417443 0.36661899
 C   0.93499990 -2.42505840 0.36551042
 H   0.90284997 -1.49690129 0.97720735
 H   2.21547980 -3.45582456 -1.04946442
 C   0.54403225 -3.64046605 1.17406690
 H  -0.44596839 -3.51823377 1.64179656
 H   0.49868402 -4.55447063 0.56668071
 H   1.25818625 -3.82279453 1.98888952
 C   1.91782338 0.75514746 0.08893522
 H   1.14497704 0.21273784 0.67573054
 C   3.08294520 -0.14755646 -0.30013651
 H   3.85381538 0.44472658 -0.83751942
 H   3.59733616 -0.52123908 0.61049604
 C   2.65965203 -1.33656068 -1.17325039
 H   1.84946486 -1.04265242 -1.86822269
 H   3.50698285 -1.61048738 -1.83673512
 C   1.31020268 1.51971207 -1.07553225
 H   2.10830108 1.99995437 -1.68047539
 H   0.82288072 0.79561355 -1.76492171
 C   0.29440662 2.59392049 -0.66048558
 H  -0.18130309 3.00858865 -1.57334807
 H   0.82612942 3.45427414 -0.20196116
 C  -0.78281542 2.10312738 0.31353512
 H  -1.39731360 2.96812082 0.64528364
 H  -0.30284753 1.74421606 1.24916993
 C  -1.66006129 1.02139568 -0.29328520
 H  -1.07267283 0.29218014 -0.89376122
 C  -2.57205699 0.33442143 0.71359955
 H  -3.11620332 1.06202172 1.35610152
 C  -3.49779389 -0.69292353 0.10747589
 H  -4.30342963 -0.22099774 -0.47600503
 H  -2.97960118 -1.38512448 -0.57299659
 H  -3.98923604 -1.31095339 0.87341356
Cl  -0.35198637 -2.19000546 -0.88707473
Cl   2.59365130 1.95190105 1.25985551
Cl  -2.73661730 1.81922937 -1.49216526
Cl  -1.48421699 -0.54628792 1.85739068
$end
$temperature
298.15
$end
$mult
 1
$end
$sigma
 1
$end
$pressure
1.00000
$end
$scale
1.093
$end
$msrrho
$end
$freq
23.85
28.38
39.55
64.48
70.52
78.67
86.50
102.72
122.44
140.89
151.41
170.23
180.86
204.15
236.62
255.64
273.17
288.80
314.55
326.21
339.45
360.38
370.90
394.24
419.58
448.68
481.66
497.97
522.61
637.62
688.47
700.47
719.89
849.28
866.90
885.83
919.40
946.31
961.22
986.92
1003.26
1026.44
1042.86
1067.78
1074.59
1098.95
1112.78
1125.70
1129.12
1145.91
1158.76
1162.81
1173.69
1175.54
1188.91
1195.41
1198.38
1207.89
1212.08
1216.85
1224.12
1236.14
1244.92
1257.90
1274.20
1274.67
1277.15
1281.84
1284.08
1286.78
1288.41
1292.16
1308.37
1309.35
1311.76
1316.48
1329.15
1331.03
1336.48
1339.05
1363.87
1377.25
1389.26
1399.77
1400.28
1401.56
2631.24
2640.37
2646.30
2649.85
2653.44
2657.78
2659.42
2660.99
2663.15
2665.56
2667.94
2670.65
2682.47
2687.55
2732.73
2735.59
2736.03
2737.31
2738.55
2742.50
2778.61
2778.73
$end
