$molecule
 H   0.00375613 -0.33133028 0.00461684
 C  -0.05370791 -0.28285593 1.11568658
 C   1.29221587 -0.07255252 1.77546895
 C  -1.12123379 0.64817646 1.62186928
Cl  -0.58947955 -2.00265195 1.63828205
 C   2.32480683 -1.01251461 1.19686943
 H   1.21523248 -0.22857979 2.87495872
 H   1.60815966 0.98727713 1.65353315
 C   3.69215438 -0.85803881 1.82183032
Cl   2.53909700 -0.46340082 -0.59342203
 H   1.97819337 -2.07205577 1.13078808
 C   4.67813589 -1.81196762 1.18229200
 H   3.63100735 -1.04409744 2.92037088
 H   4.05861913 0.18827738 1.72674198
 C   6.09526185 -1.61687695 1.65495593
Cl   4.13009004 -3.51274501 1.68596127
 H   4.62009729 -1.81099343 0.06530874
 C   7.01683447 -2.76064614 1.29367024
Cl   6.07641840 -1.55305921 3.51536063
 H   6.49715444 -0.62147537 1.34153589
 C   8.44267227 -2.43739500 1.67931012
 H   6.69156263 -3.70011875 1.79952336
 H   6.94169823 -2.98096912 0.20538909
 C   9.41735471 -3.53338958 1.34890759
Cl   8.92789566 -0.98131494 0.58975324
 H   8.54121347 -2.05016480 2.71830306
 H   9.22802033 -4.43461916 1.95227477
 H  10.45613728 -3.22689622 1.54377645
 H   9.37399280 -3.83460420 0.29157180
 H  -2.10892565 0.39799797 1.20599597
 H  -0.90991286 1.69224900 1.34441131
 H  -1.22682468 0.61638984 2.71650385
$end
$temperature
298.15
$end
$mult
 1
$end
$sigma
 1
$end
$pressure
1.00000
$end
$scale
1.0
$end
$msrrho
$end
$freq
20.03
29.70
41.61
47.71
58.73
72.72
80.38
113.68
131.12
151.88
166.29
168.66
172.27
180.40
205.85
269.05
294.48
298.04
312.23
335.57
345.96
366.88
400.59
473.30
495.14
504.22
564.99
577.37
590.56
598.25
612.46
670.52
907.35
932.88
961.80
968.92
970.39
1020.87
1021.14
1093.43
1098.55
1107.19
1111.73
1135.87
1153.96
1154.18
1162.67
1166.84
1171.03
1175.65
1183.01
1186.70
1193.76
1199.48
1213.14
1222.61
1227.84
1237.69
1260.30
1268.26
1270.01
1270.59
1271.00
1277.01
1277.57
1286.40
1287.77
1314.65
1340.20
1346.49
1374.77
1392.19
1400.05
2904.37
2907.34
2913.82
2918.01
2920.56
2929.46
2948.24
2950.16
2970.45
2972.59
2978.18
3018.88
3019.50
3022.45
3022.70
3078.19
3078.51
$end
