$molecule
 H  -0.37912800 0.38318602 0.02784856
 C  -0.29991418 0.12263911 1.11154140
 C   1.10049646 -0.36521061 1.42477440
 H  -0.55380158 1.03014439 1.70782332
 H  -1.04931490 -0.67535507 1.33535473
 C   1.36203120 -0.54274280 2.92729236
Cl   2.26644156 0.90084358 0.85567761
 H   1.34480142 -1.29451747 0.85179920
 C   2.74908199 -1.11763011 3.23119470
Cl   0.12334581 -1.67202111 3.56581909
 H   1.21162503 0.43396521 3.46125460
 C   3.04933060 -1.20232091 4.73359175
Cl   2.82277335 -2.78559258 2.57203705
 H   3.54351640 -0.52090938 2.70213912
 C   4.43747733 -1.77786992 5.03478506
Cl   2.97950637 0.46410439 5.39598928
 H   2.25009069 -1.79710036 5.25691043
 C   4.70030156 -1.95318463 6.53635692
Cl   5.66633723 -0.63535130 4.39828806
 H   4.58816845 -2.75483973 4.49698863
 C   6.08714508 -2.52858367 6.84027464
Cl   3.46754366 -3.09388142 7.16969587
 H   4.55444128 -0.97827827 7.07985161
 C   6.38800264 -2.61077692 8.34367471
Cl   6.17316775 -4.19253904 6.17605393
 H   6.88600524 -1.93390838 6.32076095
 C   7.72284207 -3.25750964 8.65546539
Cl   6.45051798 -0.90006539 8.94011957
 H   5.55573049 -3.10619487 8.90355079
 H   7.69273763 -4.34815742 8.41447943
 H   7.95580896 -3.14553391 9.74254357
 H   8.54669512 -2.78408276 8.07174872
$end
$temperature
298.15
$end
$mult
 1
$end
$sigma
 1
$end
$pressure
1.00000
$end
$scale
1.093
$end
$msrrho
$end
$freq
17.19
28.79
30.34
38.99
49.60
59.14
63.11
90.23
113.25
122.70
130.00
137.72
157.46
162.14
166.74
168.51
179.11
182.85
267.58
283.93
298.97
305.45
312.56
316.53
369.53
400.50
404.58
405.59
459.15
487.45
534.81
617.93
642.60
723.34
725.58
749.06
751.04
775.44
806.72
823.72
837.96
964.92
968.28
1045.30
1046.60
1075.30
1084.42
1114.63
1121.96
1132.33
1139.40
1144.61
1145.41
1155.91
1160.61
1162.49
1177.94
1180.66
1193.97
1201.78
1203.69
1212.47
1254.23
1256.53
1276.22
1284.05
1294.46
1294.61
1315.03
1315.64
1337.46
1337.51
1349.29
1349.50
1409.62
1409.83
2620.61
2622.62
2634.90
2636.24
2640.12
2640.88
2651.74
2651.76
2655.37
2655.42
2671.85
2671.87
2847.61
2847.69
$end
