$molecule
 H  -0.53360886 -0.34140309 0.66801611
 C   0.02664158 0.27640119 1.38221361
 C   1.52112420 0.14854104 1.17327406
 H  -0.30968361 1.31532873 1.24945771
 H  -0.27827727 -0.02402660 2.39413848
 C   2.03778001 -1.26273757 1.44222323
Cl   2.33289343 1.26645515 2.36082051
 H   1.82347498 0.51662697 0.16295700
 C   3.51275235 -1.42833148 1.08789820
 H   1.42195639 -1.99290033 0.87207444
 H   1.88208209 -1.52440984 2.51272520
 C   4.06040440 -2.78961103 1.50557137
Cl   3.65936477 -1.29428331 -0.72105631
 H   4.13157610 -0.59507904 1.50147728
 C   5.57090672 -2.89128354 1.26747760
 H   3.53398685 -3.60138005 0.96173157
 H   3.83680716 -2.95706438 2.58291000
 C   6.11856712 -4.25255967 1.68514861
 H   5.79452284 -2.72382814 0.19015135
 H   6.09733857 -2.07953149 1.81132928
 C   7.59354694 -4.41815739 1.33083790
Cl   5.97194149 -4.38663259 3.49408736
 H   5.49976022 -5.08581728 1.27155705
 C   8.11020562 -5.82944550 1.59977649
 H   7.74926035 -4.15647774 0.26034305
 H   8.20936307 -3.68800498 1.90099513
 C   9.60469199 -5.95731004 1.39084586
Cl   7.29842262 -6.94734744 0.41221726
 H   7.80783281 -6.19753293 2.61010116
 H  10.16493350 -5.33953040 2.10507430
 H   9.90960911 -5.65685666 0.37892640
 H   9.94099019 -6.99625517 1.52357673
$end
$temperature
298.15
$end
$mult
 1
$end
$sigma
 1
$end
$pressure
1.00000
$end
$scale
1.093
$end
$msrrho
$end
$freq
12.48
24.45
39.12
46.13
63.81
66.35
116.40
124.38
135.70
177.44
184.96
186.44
197.41
212.07
305.57
330.59
346.52
367.26
380.78
392.92
399.96
471.97
490.66
526.40
581.86
646.14
649.45
661.13
668.30
820.90
925.39
946.53
964.26
964.88
1004.97
1037.10
1041.16
1098.06
1105.02
1120.14
1121.44
1126.14
1141.99
1149.31
1170.22
1175.36
1182.73
1183.66
1190.72
1203.96
1212.11
1213.95
1223.05
1236.11
1244.23
1244.51
1248.17
1248.40
1259.33
1259.66
1263.58
1268.83
1269.17
1279.48
1287.71
1292.71
1328.25
1329.37
1336.63
1344.59
1347.09
1353.42
2646.17
2650.52
2651.02
2657.34
2660.73
2663.99
2668.24
2675.73
2688.29
2688.31
2693.94
2694.08
2725.79
2732.33
2734.32
2740.41
2786.08
2786.17
$end
