$molecule
 H  -0.58163634 -0.62520728 0.98931743
 C   0.04816598 0.22980957 1.26147818
 C   1.48172921 0.05361420 0.76851011
 H  -0.41123129 1.12391602 0.82343772
 H   0.00164095 0.33961338 2.35077143
 C   2.13085326 -1.20336122 1.36420747
 H   1.49086583 -0.00654532 -0.33966039
 H   2.07955533 0.94989532 1.02658868
 C   3.59534296 -1.34088483 0.96074813
 H   1.55801042 -2.10106293 1.05308096
 H   2.05559662 -1.17196279 2.47123081
 C   4.29257871 -2.50786495 1.65660555
Cl   3.65791536 -1.64933638 -0.83211481
 H   4.15022522 -0.38507185 1.11126692
 C   5.80218858 -2.54617378 1.39837146
 H   3.84366524 -3.46889593 1.32616454
 H   4.09566174 -2.45934055 2.75014638
 C   6.55919002 -1.44752904 2.13867379
 H   6.19479642 -3.54400481 1.68731760
 H   5.99951339 -2.46243071 0.30624327
 C   8.02976305 -1.37375024 1.73911432
Cl   6.49266028 -1.82561370 3.91864033
 H   6.05379900 -0.45737748 2.02738822
 C   8.74869793 -0.17263451 2.34874998
 H   8.55705170 -2.30645777 2.03804972
 H   8.10987993 -1.33965844 0.62922796
 C  10.24119109 -0.18366393 2.09259540
Cl   8.07419254 1.32774743 1.56530921
 H   8.52424147 -0.06317145 3.43733494
 H  10.72723052 -1.04029707 2.57811410
 H  10.72260945 0.72589552 2.48146702
 H  10.48057733 -0.22910853 1.02124057
$end
$temperature
298.15
$end
$mult
 1
$end
$sigma
 1
$end
$pressure
1.00000
$end
$scale
1.093
$end
$msrrho
$end
$freq
17.22
25.62
30.32
43.65
56.30
87.51
96.30
136.88
149.64
159.43
169.04
175.98
245.78
286.33
320.28
331.68
358.59
373.32
406.26
442.08
476.49
508.63
553.57
646.77
649.57
664.32
781.00
873.21
904.33
936.79
952.14
958.85
964.02
1030.96
1049.52
1063.82
1095.43
1115.80
1126.57
1135.44
1149.69
1156.99
1158.03
1172.62
1173.13
1183.52
1189.01
1196.30
1198.34
1209.45
1214.36
1225.07
1235.80
1242.07
1245.90
1252.82
1260.27
1261.20
1261.48
1270.34
1275.23
1281.21
1281.55
1282.90
1311.67
1317.52
1322.96
1325.76
1337.04
1342.75
1345.33
2648.23
2652.12
2655.03
2657.61
2661.34
2665.94
2669.85
2678.00
2688.34
2694.10
2695.36
2701.68
2731.93
2732.72
2736.91
2737.72
2747.15
2787.48
2789.79
$end
