$molecule
 H  -0.06284217 -0.18251887 0.04734648
 C  -0.13445996 -0.30146223 1.15645414
 C   1.23151401 -0.16556686 1.83074761
 C  -1.18362620 0.62338742 1.74486605
Cl  -0.70417274 -2.01125135 1.41550170
 C   2.32003990 -0.95805196 1.11116797
 H   1.15728516 -0.53037367 2.88887889
 H   1.51039832 0.91940982 1.85880241
 C   3.64397417 -0.95823860 1.87292773
Cl   2.61261207 -0.15769652 -0.49694385
 H   1.98319120 -1.99904473 0.87145735
 C   4.68099574 -1.87635648 1.22846057
 H   3.45036130 -1.29904700 2.92700772
 H   4.05411335 0.08420465 1.92171393
 C   6.10669525 -1.61930031 1.72392866
Cl   4.19358011 -3.58364835 1.54837384
 H   4.67168004 -1.77831992 0.10830964
 C   7.05832368 -2.78301638 1.46009501
Cl   6.11046343 -1.28305676 3.49955805
 H   6.48352140 -0.67133345 1.25126969
 C   8.52449720 -2.38036320 1.61378137
 H   6.84230861 -3.61865869 2.18013944
 H   6.88224486 -3.17647933 0.42439092
 C   9.47836041 -3.55594285 1.52342268
Cl   8.92604870 -1.24289560 0.24696634
 H   8.69353571 -1.78714105 2.54582093
 H   9.30812955 -4.25424063 2.37588479
 H  10.53501620 -3.19632379 1.56215512
 H   9.33660955 -4.11162575 0.56667065
 H  -2.17682773 0.42250630 1.27469900
 H  -0.90857975 1.68649779 1.55389784
 H  -1.28341225 0.46488448 2.84408012
$end
$temperature
298.15
$end
$mult
 1
$end
$sigma
 1
$end
$pressure
1.00000
$end
$scale
1.093
$end
$msrrho
$end
$freq
20.80
23.35
37.53
42.01
56.87
70.22
73.94
102.88
128.25
152.61
170.89
173.77
177.52
197.51
212.18
295.83
327.39
334.15
361.60
377.00
386.11
393.41
428.17
487.25
515.57
525.41
628.49
649.78
655.90
667.54
689.12
731.66
913.71
939.03
961.80
963.61
976.14
1033.54
1036.57
1082.81
1101.30
1113.32
1126.23
1130.40
1136.09
1141.17
1166.12
1172.96
1178.29
1182.42
1187.45
1196.48
1197.34
1208.78
1216.64
1231.19
1256.37
1268.97
1273.91
1275.06
1286.49
1331.95
1335.34
1342.45
1346.76
1348.15
1350.68
1354.65
1358.42
1359.79
1365.26
1403.58
1403.72
2618.05
2619.40
2627.79
2634.73
2647.36
2652.50
2654.07
2654.37
2662.64
2662.91
2673.56
2673.98
2753.84
2757.18
2762.83
2849.89
2850.37
$end
