$molecule
 H  -0.04947451 -0.34852056 0.00536151
 C  -0.08080476 -0.29553783 1.12536471
 C   1.31639981 -0.10980640 1.68799246
 C  -0.99549037 0.81982957 1.57215588
Cl  -0.75092183 -1.85943274 1.62962840
 C   2.34393967 -1.02498072 1.04675223
 H   1.30224087 -0.30448790 2.79468052
 H   1.62124932 0.96135900 1.54041696
 C   3.65051661 -0.97669500 1.81862683
Cl   2.61339443 -0.55425891 -0.64533800
 H   1.95489183 -2.07643431 0.99471825
 C   4.63961646 -2.03894310 1.37123471
 H   3.42690328 -1.10939542 2.91243142
 H   4.12344498 0.03466121 1.69345049
 C   6.04189128 -1.74784701 1.89387791
Cl   4.08808586 -3.64691735 1.85481511
 H   4.68276310 -2.07538506 0.24818299
 C   7.06054007 -2.71565632 1.31851028
Cl   6.09129929 -1.76786765 3.66175596
 H   6.31318669 -0.69384107 1.61146332
 C   8.49259278 -2.26004020 1.52859470
 H   6.93483530 -3.72604208 1.79497838
 H   6.86288482 -2.83817599 0.21924286
 C   9.46502316 -3.36286194 1.18515582
Cl   8.84115326 -0.82440265 0.54265366
 H   8.64535571 -1.92039403 2.58658838
 H   9.29874094 -4.23310008 1.86682818
 H  10.51797790 -3.01137401 1.30860900
 H   9.32581037 -3.70453564 0.13106632
 H  -2.03143331 0.65672023 1.18774217
 H  -0.61891731 1.79426405 1.17448312
 H  -1.03599333 0.88145058 2.68648124
$end
$temperature
298.15
$end
$mult
 1
$end
$sigma
 1
$end
$pressure
1.00000
$end
$scale
0.961
$end
$msrrho
$end
$freq
14.65
22.25
31.92
35.97
48.55
66.17
76.91
91.67
130.14
153.83
166.61
168.50
170.73
192.57
213.18
294.51
330.00
336.95
360.97
374.50
397.27
398.98
436.65
505.02
535.05
568.06
663.68
705.26
713.69
717.94
729.79
786.97
943.89
969.28
1001.27
1006.81
1009.26
1060.97
1061.79
1128.85
1131.02
1132.30
1136.96
1175.42
1191.08
1202.64
1212.74
1217.07
1219.35
1223.61
1233.40
1239.23
1242.80
1253.37
1273.15
1274.63
1284.68
1298.99
1326.09
1336.98
1355.89
1383.88
1384.26
1387.44
1389.03
1389.37
1390.05
1390.79
1418.83
1423.23
1426.69
1433.66
1434.59
2999.61
3000.68
3006.07
3011.09
3012.48
3022.59
3027.39
3028.19
3058.94
3059.12
3065.65
3065.66
3079.51
3081.24
3083.09
3154.82
3154.92
$end
