$molecule
 H  -0.68760285 0.62014995 1.01956023
 C  -0.52912199 -0.07432844 1.87009910
 C   0.95871240 -0.31845665 2.05136384
 C  -1.28204231 -1.36548602 1.64546423
 H  -0.92753519 0.44524189 2.76452132
 C   1.70607658 0.95439160 2.41212416
Cl   1.62785916 -0.94579455 0.51478996
 H   1.13680985 -1.09554773 2.83416053
 H  -0.90021590 -1.90366962 0.76677563
 H  -1.19817260 -2.04090556 2.50731696
 H  -2.34964646 -1.17422950 1.47949953
 C   3.16974030 0.69123242 2.73108998
Cl   1.62016105 2.06742316 1.01617150
 H   1.21631887 1.45830569 3.28115451
 C   3.92409640 1.96468588 3.07259283
Cl   3.25375661 -0.39933732 4.14583004
 H   3.65920170 0.17348212 1.86665983
 C   5.41565181 1.72028396 3.23875228
Cl   3.27510729 2.59876907 4.61362665
 H   3.75121831 2.73868533 2.28166908
 C   6.17185669 2.99273398 3.58243474
Cl   6.06031422 1.08588894 1.69732686
 H   5.59079324 0.94766431 4.03053442
 C   7.63263053 2.72315448 3.90668515
Cl   6.09665647 4.08658294 2.17128432
 H   5.67477976 3.50856685 4.44087227
 C   8.39860058 3.98559926 4.21591687
Cl   7.69253614 1.68315363 5.36633490
 H   8.10947450 2.15718351 3.07111896
 H   7.96411217 4.52573081 5.06783238
 H   8.40017090 4.66713974 3.35394702
 H   9.44273181 3.75782393 4.46574382
$end
$temperature
298.15
$end
$mult
 1
$end
$sigma
 1
$end
$pressure
1.00000
$end
$scale
0.953
$end
$msrrho
$end
$freq
21.19
29.41
33.64
47.32
58.31
65.44
74.65
92.04
118.60
128.51
135.75
158.75
166.12
167.21
169.48
179.26
185.16
214.96
257.01
267.84
289.37
294.27
305.01
357.34
391.05
409.74
440.57
473.76
512.86
592.22
608.76
631.04
662.96
684.14
688.24
735.59
783.32
818.35
858.49
951.70
961.90
1021.38
1035.93
1078.84
1086.85
1095.37
1115.02
1119.70
1123.32
1130.58
1135.60
1139.81
1143.71
1147.16
1147.98
1155.90
1176.77
1179.41
1192.69
1198.11
1205.98
1210.11
1211.86
1245.22
1302.40
1343.38
1364.76
1378.31
1388.02
1389.79
1396.58
1403.06
1404.61
1405.92
1423.92
2864.49
2867.77
2872.26
2887.41
2891.20
2895.05
2905.94
2950.23
3025.25
3076.12
3076.68
3084.84
3085.44
3174.26
3177.74
$end
