$molecule
 H  -0.42183660 -0.54361017 0.84225875
 C   0.19467131 0.27561865 1.23580731
 C   1.64874840 0.11155985 0.85678451
 H  -0.21465893 1.21364762 0.83970354
 H   0.05864572 0.29194127 2.32546004
 C   2.22016644 -1.18609845 1.40542060
 H   1.76191497 0.12934134 -0.24649038
 H   2.23786712 0.97212394 1.23188507
 C   3.67024935 -1.37555116 1.00457554
 H   1.61782388 -2.04771179 1.05286623
 H   2.13939500 -1.19452229 2.51143282
 C   4.29918179 -2.59245798 1.66138600
Cl   3.73900353 -1.60999371 -0.77545448
 H   4.28086452 -0.46417899 1.23795045
 C   5.80137654 -2.64300006 1.42919180
 H   3.82754744 -3.51685412 1.27387905
 H   4.09328832 -2.57601073 2.75202937
 C   6.51286617 -1.49649600 2.12550240
 H   6.20576402 -3.61109598 1.78450545
 H   6.00808316 -2.60371230 0.33913401
 C   7.97128537 -1.39025046 1.72396943
Cl   6.43796781 -1.78674552 3.89664442
 H   5.97086731 -0.53366663 1.92365594
 C   8.62709627 -0.14571038 2.29408254
 H   8.52317957 -2.28912259 2.06654243
 H   8.05408326 -1.38467074 0.61769933
 C  10.11331122 -0.11439562 2.03753895
Cl   7.90254156 1.28837622 1.49030106
 H   8.40569319 -0.05513507 3.38402830
 H  10.61948242 -0.94705451 2.54346231
 H  10.55772827 0.81908977 2.40611838
 H  10.34162069 -0.18830646 0.96582972
$end
$temperature
298.15
$end
$mult
 1
$end
$sigma
 1
$end
$pressure
1.00000
$end
$scale
0.953
$end
$msrrho
$end
$freq
27.90
31.99
34.45
58.42
71.87
84.32
115.81
138.43
149.58
167.43
174.07
193.84
249.38
284.44
314.38
338.43
343.95
359.50
400.89
429.51
478.54
529.38
559.00
602.02
611.25
619.47
789.26
861.23
906.15
926.93
949.71
956.53
963.57
1013.41
1028.03
1051.78
1072.39
1091.39
1104.61
1120.31
1123.34
1127.44
1136.80
1142.78
1145.41
1149.30
1153.16
1161.92
1171.76
1194.44
1201.18
1206.69
1213.01
1244.95
1258.91
1286.93
1334.63
1362.52
1377.53
1379.00
1383.31
1390.02
1393.89
1396.35
1400.96
1407.17
1408.33
1410.42
1415.88
1422.77
1432.89
2833.86
2862.73
2906.15
2943.38
2946.81
2950.35
2953.86
2956.33
3023.24
3023.87
3026.15
3029.11
3029.87
3078.36
3081.41
3084.56
3085.37
3178.48
3180.96
$end
