$molecule
 H  -0.58521495 0.61745799 0.90857043
 C  -0.51956259 -0.03528303 1.80769130
 C   0.92848467 -0.30462373 2.15592581
 C  -1.26273116 -1.33961157 1.57516822
 H  -1.00079826 0.54890737 2.62216461
 C   1.69677442 0.94666002 2.50542357
Cl   1.71539739 -1.02158932 0.63547122
 H   1.05931369 -1.08701257 2.94179983
 H  -0.81002367 -1.93252331 0.76573532
 H  -1.28217152 -1.97814369 2.47017913
 H  -2.31003140 -1.16030342 1.29198179
 C   3.18276375 0.71680162 2.63726485
Cl   1.53436321 2.14156780 1.10968902
 H   1.26171959 1.46052787 3.39915602
 C   3.94639983 1.97383492 2.96726861
Cl   3.34325895 -0.43676122 4.07269504
 H   3.62931493 0.18235171 1.75569889
 C   5.38619756 1.70765205 3.33206958
Cl   3.20790338 2.70620361 4.49734039
 H   3.82830419 2.75079900 2.16504410
 C   6.14790326 2.96585938 3.66728247
Cl   6.11873592 0.98336214 1.80231966
 H   5.50670497 0.93101224 4.13471462
 C   7.63264841 2.74012235 3.81608109
Cl   5.98493117 4.12476351 2.23798225
 H   5.69193706 3.49235860 4.54267287
 C   8.39279783 3.98471989 4.18067988
Cl   7.74212722 1.60041393 5.29132824
 H   8.08113883 2.17576448 2.96604337
 H   8.00465785 4.46936125 5.08910455
 H   8.35142545 4.73045017 3.36998981
 H   9.45479214 3.76734330 4.37006321
$end
$temperature
298.15
$end
$mult
 1
$end
$sigma
 1
$end
$pressure
1.00000
$end
$scale
1.0
$end
$msrrho
$end
$freq
21.53
36.49
41.47
53.10
61.27
71.60
73.70
85.95
114.39
123.16
134.75
158.11
161.24
166.25
172.08
178.26
186.23
220.27
242.10
253.47
273.93
280.78
288.76
338.34
379.97
395.88
421.65
447.86
500.40
564.31
573.54
599.17
621.14
631.50
659.18
675.71
722.51
762.53
873.64
973.94
982.63
1022.05
1056.48
1088.37
1101.06
1114.18
1117.64
1126.70
1137.77
1149.36
1153.44
1157.67
1159.21
1165.92
1182.67
1188.13
1200.69
1204.44
1216.17
1220.32
1223.96
1231.94
1244.26
1262.50
1264.33
1281.18
1285.08
1296.32
1299.77
1315.40
1335.30
1348.23
1361.85
1376.73
1390.39
2866.55
2871.30
2879.48
2910.40
2913.14
2922.57
2932.76
2942.26
2980.74
3010.48
3021.63
3021.86
3026.83
3074.24
3080.58
$end
