$molecule
 H  -0.50639448 -0.32177848 0.63687194
 C   0.04727165 0.27448020 1.37598920
 C   1.54088202 0.14613605 1.17521570
 H  -0.29470799 1.31467053 1.26432971
 H  -0.27454369 -0.05899638 2.37259848
 C   2.04811311 -1.26523695 1.43697973
Cl   2.34011990 1.23284187 2.37378535
 H   1.86085422 0.54270509 0.18647548
 C   3.51754047 -1.43637550 1.08045825
 H   1.42304620 -1.99275015 0.87133499
 H   1.88958868 -1.53815216 2.50549943
 C   4.05973984 -2.79234962 1.50538717
Cl   3.64794595 -1.32786826 -0.71426526
 H   4.14878279 -0.60143162 1.45718852
 C   5.57158821 -2.88852719 1.26770763
 H   3.53528906 -3.61438969 0.97521872
 H   3.83486378 -2.95036787 2.58389166
 C   6.11379069 -4.24450923 1.69260578
 H   5.79647826 -2.73048835 0.18920063
 H   6.09605226 -2.06650377 1.79788075
 C   7.58320225 -4.41567343 1.33605394
Cl   5.98340674 -4.35303198 3.48732842
 H   5.48252823 -5.07944011 1.31588415
 C   8.09042315 -5.82705269 1.59781567
 H   7.74170597 -4.14275914 0.26754185
 H   8.20828504 -3.68817028 1.90168583
 C   9.58403654 -5.95539774 1.39703010
Cl   7.29118178 -6.91374654 0.39925270
 H   7.77045496 -6.22361680 2.58655132
 H  10.13770385 -5.35915518 2.13616808
 H   9.90585158 -5.62190159 0.40043699
 H   9.92600955 -6.99559428 1.50867360
$end
$temperature
298.15
$end
$mult
 1
$end
$sigma
 1
$end
$pressure
1.00000
$end
$scale
1.093
$end
$msrrho
$end
$freq
10.37
21.02
34.23
39.69
54.85
64.14
98.60
113.29
129.33
168.09
171.42
171.96
187.44
199.91
290.47
312.49
321.05
342.90
356.24
365.98
376.88
460.26
472.87
522.44
568.19
639.83
643.68
660.13
665.76
839.23
942.80
964.15
972.87
975.96
1029.94
1063.17
1065.93
1087.29
1088.93
1136.46
1138.39
1144.11
1145.32
1146.96
1149.74
1169.77
1190.83
1196.06
1201.42
1205.97
1211.33
1219.65
1245.77
1252.41
1277.59
1277.67
1283.67
1283.71
1285.99
1286.50
1289.30
1290.64
1307.40
1308.71
1313.49
1316.63
1348.35
1348.86
1382.29
1384.43
1398.00
1398.24
2636.97
2641.50
2641.93
2656.63
2660.46
2660.52
2666.83
2666.89
2670.73
2674.59
2681.59
2682.33
2724.02
2730.36
2732.42
2742.25
2778.14
2778.27
$end
