$molecule
 H  -0.70240115 0.48139875 0.81313853
 C  -0.56131918 -0.06728815 1.77006195
 C   0.91412006 -0.33215892 2.04367326
 C  -1.35414220 -1.37158592 1.73289039
 H  -0.97820708 0.60293615 2.55079100
 C   1.67994205 0.92707902 2.42838208
Cl   1.64185461 -1.03597093 0.57139404
 H   1.03284943 -1.12385440 2.82344929
 H  -1.01509846 -2.03212394 0.92365663
 H  -1.26996326 -1.93103836 2.67166279
 H  -2.42074132 -1.18024273 1.56124329
 C   3.17466688 0.70439906 2.63497018
Cl   1.50401377 2.13676933 1.13211649
 H   1.19819300 1.39054969 3.32781114
 C   3.95131767 1.97236783 2.96496956
Cl   3.33672732 -0.44893964 3.98398582
 H   3.63595556 0.19114996 1.74772428
 C   5.41457406 1.72469876 3.31983902
Cl   3.20264406 2.76490808 4.37499505
 H   3.85410788 2.71053298 2.12335390
 C   6.19028082 2.99189100 3.65266188
Cl   6.16173777 0.93635529 1.90948368
 H   5.51366964 0.98519688 4.16009039
 C   7.68537242 2.77840295 3.87050678
Cl   6.03211488 4.14459629 2.30133606
 H   5.73693696 3.51095080 4.53651030
 C   8.39867197 4.03561513 4.31379007
Cl   7.84043040 1.58199471 5.19986773
 H   8.19088404 2.30843569 2.99474144
 H   7.91591118 4.52001419 5.17457052
 H   8.44786606 4.78450625 3.50776839
 H   9.44114630 3.83299966 4.60633207
$end
$temperature
298.15
$end
$mult
 1
$end
$sigma
 1
$end
$pressure
1.00000
$end
$scale
1.093
$end
$msrrho
$end
$freq
8.78
23.54
32.85
40.97
50.52
62.30
67.38
75.73
114.45
129.55
137.39
152.90
161.58
164.02
172.94
176.05
180.55
217.58
256.98
267.15
291.00
296.12
309.86
360.56
392.80
406.67
441.46
463.02
517.38
601.09
633.36
681.12
716.79
727.90
751.16
778.43
805.92
828.45
888.04
973.06
982.30
1060.29
1062.26
1070.02
1085.13
1120.32
1131.77
1138.76
1150.36
1153.87
1159.77
1161.87
1168.53
1174.52
1182.52
1193.95
1195.76
1202.26
1206.68
1225.78
1276.14
1280.00
1288.47
1289.72
1294.35
1296.92
1299.61
1306.98
1313.47
1318.05
1326.15
1339.44
1355.09
1398.00
1406.47
2617.20
2621.90
2635.71
2641.88
2643.98
2649.71
2655.98
2657.75
2658.69
2673.28
2677.11
2680.78
2735.97
2775.79
2781.40
$end
