$molecule
 H  -0.67426279 0.49790990 0.79599528
 C  -0.57338297 -0.06068945 1.76287033
 C   0.90584418 -0.34127735 2.04070229
 C  -1.38607238 -1.35251685 1.67956131
 H  -0.98451511 0.58133836 2.58106500
 C   1.68056303 0.92890541 2.40936376
Cl   1.63660730 -1.06672039 0.56208469
 H   1.01893564 -1.11322490 2.84468867
 H  -0.98007252 -2.01317964 0.87730925
 H  -1.35681954 -1.90270224 2.64602933
 H  -2.44613846 -1.11237323 1.43629260
 C   3.16961558 0.68416241 2.68427778
Cl   1.56106896 2.09101722 1.04769941
 H   1.19405667 1.42100146 3.29413556
 C   3.93165602 1.96061037 3.05556133
Cl   3.28130718 -0.45381096 4.07012180
 H   3.65135784 0.17630230 1.80269604
 C   5.43626465 1.72800257 3.24611764
Cl   3.27658912 2.57053316 4.61341430
 H   3.75613105 2.76565063 2.28913994
 C   6.19934482 3.00227869 3.62159714
Cl   6.08854145 1.12134182 1.68836627
 H   5.61826233 0.92424699 4.01294004
 C   7.68544529 2.74854053 3.91242472
Cl   6.10095700 4.15237674 2.24869994
 H   5.71763310 3.50981133 4.50005016
 C   8.46817159 4.01498846 4.19637736
Cl   7.73859317 1.72053478 5.40489518
 H   8.16674608 2.14633170 3.10169044
 H   7.96894342 4.63041508 4.98087091
 H   8.56657383 4.62806938 3.26742369
 H   9.49421990 3.75634034 4.55533965
$end
$temperature
298.15
$end
$mult
 1
$end
$sigma
 1
$end
$pressure
1.00000
$end
$scale
1.093
$end
$msrrho
$end
$freq
20.38
31.78
32.74
39.51
49.65
60.70
76.11
89.84
117.25
125.46
135.62
148.22
159.79
167.42
169.78
174.45
181.00
220.82
266.98
282.81
305.02
312.39
324.79
380.46
404.61
428.87
455.32
484.86
533.15
615.88
642.84
692.08
724.53
749.31
767.54
789.88
814.77
833.55
874.94
966.63
969.71
1046.04
1055.69
1074.14
1083.81
1116.91
1127.34
1131.06
1140.25
1144.54
1151.27
1155.14
1157.24
1161.42
1176.61
1180.68
1194.62
1197.61
1207.70
1210.23
1254.45
1259.18
1276.35
1280.00
1292.27
1309.10
1314.88
1336.96
1337.58
1349.37
1353.35
1358.05
1368.08
1408.99
1409.65
2620.99
2624.25
2628.58
2635.93
2640.86
2647.43
2651.88
2654.10
2655.42
2665.71
2671.93
2672.40
2763.95
2847.72
2852.03
$end
