$molecule
 H  -0.05861950 -0.13930172 0.04298378
 C  -0.12662667 -0.28886789 1.14791841
 C   1.23873391 -0.16937065 1.82241576
 C  -1.16507684 0.62559093 1.76399204
Cl  -0.70399293 -1.99919874 1.37448227
 C   2.32013093 -0.97279676 1.10763473
 H   1.16570493 -0.50576190 2.88120655
 H   1.52739123 0.90342438 1.87625722
 C   3.64321669 -0.96232183 1.86780407
Cl   2.60897326 -0.19281683 -0.50973679
 H   1.98254191 -2.01764411 0.88789220
 C   4.67837124 -1.88953774 1.23815680
 H   3.45765387 -1.26012695 2.92749277
 H   4.05041868 0.07139078 1.92984488
 C   6.10234949 -1.62077350 1.73080069
Cl   4.18846222 -3.59058503 1.58182849
 H   4.67475608 -1.80347228 0.11713886
 C   7.05780848 -2.77817050 1.46463700
Cl   6.11440082 -1.28169572 3.50504077
 H   6.46731198 -0.67257853 1.24979160
 C   8.52082415 -2.36896734 1.61233040
 H   6.84670843 -3.62442107 2.16049408
 H   6.87233064 -3.19714111 0.45009966
 C   9.47172340 -3.54200490 1.50646023
Cl   8.91341869 -1.22491184 0.25014798
 H   8.69236393 -1.78749219 2.55065600
 H   9.31768483 -4.26029651 2.32303506
 H  10.52091891 -3.21481350 1.55224390
 H   9.35470534 -4.08695459 0.55914979
 H  -2.15430944 0.47344873 1.30717853
 H  -0.90256051 1.68293141 1.62793156
 H  -1.28811145 0.44787497 2.84125863
$end
$temperature
298.15
$end
$mult
 1
$end
$sigma
 1
$end
$pressure
1.00000
$end
$scale
1.093
$end
$msrrho
$end
$freq
21.59
25.09
38.36
42.81
59.58
75.21
82.41
112.09
136.35
159.06
181.85
184.56
187.25
203.08
216.14
300.25
329.67
338.92
368.01
383.53
391.43
397.89
431.70
491.98
518.63
529.49
631.33
651.70
657.82
669.33
690.42
733.60
917.94
942.86
965.30
967.30
979.22
1036.42
1038.84
1086.17
1107.50
1120.44
1132.20
1136.21
1143.65
1147.54
1165.66
1173.53
1180.10
1185.64
1192.87
1202.08
1206.22
1218.06
1223.70
1238.38
1242.47
1244.61
1248.01
1248.57
1258.44
1259.66
1264.18
1269.03
1277.22
1283.80
1288.13
1300.41
1331.09
1334.13
1346.26
1352.26
1354.79
2632.66
2637.10
2643.33
2648.16
2652.00
2657.87
2662.64
2666.36
2688.02
2688.03
2692.55
2694.09
2725.42
2728.88
2733.83
2785.70
2786.12
$end
