$molecule
 H  -0.65591167 0.47777266 0.75156060
 C  -0.56794082 -0.04829786 1.72804373
 C   0.89955271 -0.34122008 2.04547502
 C  -1.39803308 -1.32619729 1.69483641
 H  -0.98361427 0.65438880 2.47970721
 C   1.67933531 0.92740119 2.40761269
Cl   1.64599004 -1.12182944 0.60442811
 H   0.97957083 -1.09114542 2.87438611
 H  -1.01733707 -2.03488222 0.94567708
 H  -1.40403793 -1.84241591 2.66165103
 H  -2.44138722 -1.11140084 1.43259068
 C   3.17217508 0.68647918 2.66462919
Cl   1.53985202 2.10459920 1.06095408
 H   1.19801299 1.40656828 3.30292983
 C   3.93519927 1.96183891 3.03919349
Cl   3.29822569 -0.46781270 4.03502707
 H   3.64746047 0.19372943 1.77096511
 C   5.43635001 1.72637734 3.25664543
Cl   3.26066089 2.59182672 4.58040157
 H   3.77487018 2.75733493 2.25948070
 C   6.19838764 3.00038411 3.63446091
Cl   6.10952588 1.09935304 1.71633774
 H   5.60303758 0.93252600 4.03722542
 C   7.69039927 2.75802255 3.90367050
Cl   6.08231983 4.16671649 2.27642593
 H   5.72587094 3.49317387 4.52618337
 C   8.44939429 4.02768837 4.22141931
Cl   7.78055925 1.68679782 5.36194660
 H   8.17604392 2.19652959 3.06756016
 H   7.97810850 4.61216828 5.02357934
 H   8.53370109 4.68585967 3.34317238
 H   9.47628156 3.80892853 4.55199493
$end
$temperature
298.15
$end
$mult
 1
$end
$sigma
 1
$end
$pressure
1.00000
$end
$scale
1.093
$end
$msrrho
$end
$freq
18.87
31.42
33.14
39.94
46.38
60.04
78.16
86.38
116.17
123.00
134.11
146.99
156.36
166.79
167.85
170.95
179.82
224.67
268.49
283.69
306.24
312.64
325.15
382.10
403.49
427.62
455.47
484.64
535.21
616.70
645.08
690.22
726.83
747.48
767.61
788.78
813.67
832.83
864.17
964.63
967.68
1044.09
1054.41
1073.77
1083.72
1116.21
1130.01
1131.51
1141.35
1144.74
1151.68
1156.89
1160.94
1165.27
1178.91
1182.41
1198.16
1201.08
1211.64
1212.18
1236.73
1246.75
1254.89
1257.64
1259.34
1261.40
1264.95
1283.91
1284.74
1292.51
1311.42
1318.90
1320.54
1344.51
1346.50
2621.77
2624.66
2636.71
2642.42
2647.41
2649.25
2660.57
2661.27
2680.89
2690.36
2690.57
2696.70
2735.67
2785.08
2787.66
$end
