$molecule
 H  -0.52615021 -0.34428142 0.65352641
 C   0.06807048 0.26833688 1.34882604
 C   1.54299981 0.07708615 1.12642726
 H  -0.23419627 1.31521352 1.19489722
 H  -0.24493759 0.00011012 2.36885090
 C   2.03294335 -1.31124440 1.47500843
Cl   2.39202346 1.21704539 2.35692152
 H   1.89381225 0.43127859 0.13080706
 C   3.51406418 -1.44429009 1.19801115
 H   1.45473291 -2.06808003 0.89971923
 H   1.82684574 -1.54056095 2.54443860
 C   4.07336910 -2.80041771 1.55902827
Cl   3.66911747 -1.30261493 -0.67452203
 H   4.10982640 -0.58897408 1.59008961
 C   5.55793323 -2.88049557 1.21401322
 H   3.50831474 -3.60564325 1.04188535
 H   3.92009280 -2.99165795 2.64622894
 C   6.11725631 -4.23661760 1.57501151
 H   5.71120652 -2.68925795 0.12680780
 H   6.12298612 -2.07526355 1.73116089
 C   7.59839084 -4.36963917 1.29803489
Cl   5.96219808 -4.37831693 3.44758356
 H   5.52150273 -5.09196154 1.18293348
 C   8.08832596 -5.75795588 1.64662134
 H   7.80447779 -4.14031201 0.22858119
 H   8.17659127 -3.61277726 1.87332703
 C   9.56326116 -5.94923044 1.42424080
Cl   7.23929225 -6.89795195 0.41612899
 H   7.73751952 -6.11214563 2.64225734
 H  10.15746371 -5.33661324 2.11954281
 H   9.87628634 -5.68101812 0.40420607
 H   9.86551905 -6.99610865 1.57817798
$end
$temperature
298.15
$end
$mult
 1
$end
$sigma
 1
$end
$pressure
1.00000
$end
$scale
1.0
$end
$msrrho
$end
$freq
17.27
28.43
46.74
55.71
66.64
67.74
118.33
126.18
133.97
164.55
166.92
167.83
185.13
200.72
287.27
295.64
299.41
330.42
342.08
346.46
370.41
456.16
478.26
521.02
565.89
584.02
584.87
592.18
593.80
829.58
918.60
937.06
965.92
967.33
999.15
1018.97
1025.10
1092.94
1098.87
1102.63
1118.25
1143.27
1149.07
1155.32
1162.06
1170.44
1171.05
1176.96
1183.78
1197.19
1198.14
1199.13
1216.68
1219.01
1229.63
1247.08
1268.82
1270.86
1270.97
1276.27
1277.82
1283.32
1285.35
1287.55
1288.91
1299.04
1328.86
1341.47
1349.20
1377.66
1394.90
1400.61
2912.55
2925.28
2925.45
2929.73
2945.75
2946.05
2949.11
2949.34
2975.15
2978.78
2979.42
2983.79
3019.31
3019.37
3022.74
3022.78
3078.46
3078.49
$end
