$molecule
 H  -0.37088558 0.33188182 0.10265693
 C  -0.23548733 0.17463638 1.18035238
 C   1.14212920 -0.36497836 1.47561297
 H  -0.41030263 1.13683403 1.68026262
 H  -1.01351076 -0.52372565 1.51859786
 C   1.38002310 -0.57070596 2.96312851
Cl   2.33240799 0.83950424 0.88577546
 H   1.32788687 -1.31817618 0.92542964
 C   2.75812694 -1.14235944 3.25130472
Cl   0.15784500 -1.71992965 3.57893374
 H   1.24821639 0.39436879 3.51217704
 C   3.05815923 -1.19487485 4.74108011
Cl   2.82035566 -2.80637983 2.60185074
 H   3.53949386 -0.53676971 2.72473376
 C   4.43646601 -1.76626850 5.02751136
Cl   2.99960782 0.46808143 5.39383867
 H   2.27443332 -1.79932314 5.26534859
 C   4.67654130 -1.96406412 6.51595123
Cl   5.65487079 -0.61845940 4.40065080
 H   4.56932089 -2.73914084 4.48870908
 C   6.05486600 -2.53517519 6.80413316
Cl   3.45478818 -3.10996320 7.13951934
 H   4.54616016 -0.99207460 7.05704891
 C   6.35898269 -2.58042908 8.29311856
Cl   6.11495850 -4.20200239 6.16246434
 H   6.83241840 -1.93541111 6.26945142
 C   7.71429905 -3.17409829 8.58784540
Cl   6.36075153 -0.89651056 8.90943837
 H   5.55152881 -3.13368962 8.82949600
 H   7.77559136 -4.21246238 8.23361469
 H   7.91423629 -3.17507489 9.66696693
 H   8.52001857 -2.60749727 8.10197788
$end
$temperature
298.15
$end
$mult
 1
$end
$sigma
 1
$end
$pressure
1.00000
$end
$scale
0.953
$end
$msrrho
$end
$freq
20.84
26.64
29.23
42.97
54.33
62.18
66.51
85.76
111.18
125.68
131.10
134.58
157.01
166.59
167.18
170.31
180.78
182.74
250.42
263.44
280.91
292.90
293.22
295.87
342.63
374.51
391.07
391.24
440.88
473.67
515.55
594.43
613.01
656.90
667.17
676.22
689.58
697.90
758.53
797.19
823.27
950.16
952.98
1021.13
1021.53
1079.61
1085.98
1096.03
1117.07
1119.11
1124.70
1131.81
1137.74
1137.92
1142.69
1145.60
1153.09
1156.82
1176.19
1179.27
1190.83
1206.04
1206.37
1210.20
1212.77
1235.42
1292.63
1336.10
1363.89
1380.16
1389.74
1389.78
1396.69
1396.80
1404.62
1404.67
2864.58
2866.78
2871.36
2873.25
2886.95
2887.01
2906.28
2906.34
3076.84
3076.88
3084.93
3084.98
3174.37
3174.41
$end
