$molecule
 H  -0.47911415 -0.37172678 0.65525016
 C   0.06567486 0.25107431 1.37690208
 C   1.55675257 0.12816589 1.18392536
 H  -0.26580593 1.28829581 1.23892487
 H  -0.24023682 -0.06222935 2.38406308
 C   2.05703196 -1.27976304 1.45106353
Cl   2.35292964 1.23730290 2.35151957
 H   1.85801749 0.45932123 0.16178504
 C   3.52312660 -1.43838164 1.09104239
 H   1.44585293 -2.00448396 0.87541877
 H   1.90607566 -1.53522066 2.51999430
 C   4.06817140 -2.78936370 1.51402250
Cl   3.67297359 -1.30951354 -0.69641581
 H   4.12322009 -0.60568311 1.53052132
 C   5.56307514 -2.89156749 1.25905668
 H   3.53079629 -3.59719040 0.97680196
 H   3.86395336 -2.95341475 2.59294586
 C   6.10818737 -4.24251908 1.68201426
 H   5.76730358 -2.72750972 0.18014007
 H   6.10045777 -2.08375137 1.79629020
 C   7.57428269 -4.40111340 1.32196061
Cl   5.95840113 -4.37142412 3.46944982
 H   5.50814025 -5.07523887 1.24254866
 C   8.07461070 -5.80902682 1.58911178
 H   7.72524222 -4.14563662 0.25304647
 H   8.18543888 -3.67636122 1.89756173
 C   9.56568675 -5.93200165 1.39611165
Cl   7.27834897 -6.91816252 0.42156694
 H   7.77333501 -6.14012749 2.61126752
 H  10.11047479 -5.30922056 2.11779552
 H   9.87159692 -5.61874396 0.38894197
 H   9.89706435 -6.96927639 1.53413179
$end
$temperature
298.15
$end
$mult
 1
$end
$sigma
 1
$end
$pressure
1.00000
$end
$scale
0.953
$end
$msrrho
$end
$freq
17.58
23.79
40.21
49.27
57.32
68.46
102.71
115.01
129.99
169.70
172.31
173.26
195.50
206.12
300.69
318.61
323.61
348.25
360.83
369.64
379.65
460.84
486.97
526.34
587.21
594.99
605.65
613.95
617.25
816.17
910.38
927.82
947.79
949.47
990.34
1013.11
1027.20
1063.34
1086.48
1091.73
1098.46
1102.78
1114.41
1122.47
1136.13
1141.75
1144.00
1149.56
1158.17
1164.42
1174.86
1191.76
1193.67
1200.90
1200.96
1205.30
1239.90
1258.54
1317.85
1371.53
1372.99
1379.04
1379.29
1391.25
1394.25
1394.87
1397.12
1400.31
1401.21
1411.52
1418.14
1425.42
2900.06
2900.27
2906.29
2906.31
2938.13
2950.04
2950.47
2950.82
3017.84
3020.25
3023.88
3024.04
3081.53
3081.55
3085.35
3085.51
3178.47
3178.62
$end
