$molecule
 H  -0.41998813 0.42945346 0.09063714
 C  -0.24462097 0.30746729 1.17127885
 C   1.03619572 -0.44573884 1.45074969
 H  -0.25211005 1.31568710 1.60965607
 H  -1.12572323 -0.22251287 1.56585701
 C   1.40330935 -0.45707421 2.93182654
Cl   2.35995349 0.42145700 0.60376905
 H   1.01825471 -1.46450728 0.99779922
 C   2.75295123 -1.08832951 3.24404132
Cl   0.12332717 -1.37635682 3.76588936
 H   1.34601643 0.57935833 3.35534050
 C   3.03351377 -1.25142775 4.73504059
Cl   2.81171433 -2.72075687 2.53331103
 H   3.57085455 -0.51236525 2.73273615
 C   4.41440243 -1.82367489 5.03227282
Cl   2.89638978 0.36066578 5.47837642
 H   2.24277563 -1.87472553 5.23384669
 C   4.71827309 -1.92959292 6.52388275
Cl   5.65295901 -0.76514081 4.31416366
 H   4.53937213 -2.81501937 4.51829400
 C   6.11821403 -2.43872773 6.83748492
Cl   3.52078160 -3.05664144 7.20883968
 H   4.54103918 -0.95266996 7.04956489
 C   6.37680573 -2.71255256 8.31621544
Cl   6.38283890 -3.98005904 5.98110171
 H   6.89252851 -1.73790667 6.42989211
 C   7.81412309 -3.08688167 8.59890619
Cl   6.04520044 -1.17723805 9.18487905
 H   5.66783262 -3.45394798 8.75331002
 H   8.06709007 -4.07780662 8.19025512
 H   8.01774165 -3.14115486 9.68009855
 H   8.53343935 -2.37090844 8.17615198
$end
$temperature
298.15
$end
$mult
 1
$end
$sigma
 1
$end
$pressure
1.00000
$end
$scale
1.093
$end
$msrrho
$end
$freq
8.37
19.70
29.68
38.58
39.59
53.13
64.49
70.83
104.95
127.42
134.43
138.53
158.47
163.67
166.75
174.47
177.33
183.54
251.68
260.47
279.89
294.03
296.19
300.54
347.65
377.97
392.90
394.07
442.10
466.62
519.40
604.74
635.39
714.91
719.53
727.64
729.25
757.45
795.17
813.12
833.24
971.27
977.44
1062.29
1063.42
1069.01
1071.77
1118.11
1129.56
1140.23
1151.82
1153.10
1158.96
1160.51
1167.79
1170.87
1187.54
1193.84
1197.39
1200.56
1205.27
1208.13
1275.96
1275.99
1280.03
1280.21
1288.63
1288.79
1307.31
1307.36
1312.20
1313.59
1331.85
1340.95
1397.85
1397.96
2617.66
2618.27
2635.37
2636.65
2640.79
2641.80
2655.71
2655.77
2658.70
2658.77
2676.82
2677.18
2775.67
2775.82
$end
