$molecule
 H  -0.60864500 -0.85355564 0.88190817
 C  -0.06177291 0.06986384 1.12142168
 C   1.40034066 -0.00363425 0.71421149
 H  -0.58601801 0.88775465 0.60605326
 H  -0.18876565 0.24450244 2.19962219
 C   2.10224646 -1.14373184 1.44767771
 H   1.49142201 -0.14122282 -0.38535525
 H   1.90488875 0.96377592 0.92215711
 C   3.55947840 -1.23313841 1.05170688
 H   1.58703094 -2.10748685 1.24680313
 H   2.02619942 -1.00228692 2.54818427
 C   4.30690497 -2.34150179 1.75912554
Cl   3.56858994 -1.70949925 -0.77104135
 H   4.08001783 -0.25285709 1.07215078
 C   5.77394317 -2.40005621 1.34299252
 H   3.81940007 -3.31813613 1.54698712
 H   4.22037928 -2.21851587 2.86302856
 C   6.60175884 -1.35305125 2.05017699
 H   6.18303076 -3.41228578 1.55332146
 H   5.86928046 -2.28133698 0.23888002
 C   8.06433774 -1.38035836 1.66439528
Cl   6.57528874 -1.82526875 3.87564394
 H   6.16840189 -0.32852631 2.02847009
 C   8.83342817 -0.29751858 2.38890072
 H   8.51296727 -2.37323794 1.89007773
 H   8.16593205 -1.25993681 0.56255571
 C  10.30254772 -0.28523719 2.06812947
Cl   8.15469555 1.32020606 1.71148830
 H   8.61441762 -0.25555570 3.47979358
 H  10.80421994 -1.18897107 2.44680862
 H  10.81073372 0.57925956 2.52130495
 H  10.49990492 -0.23147054 0.98713681
$end
$temperature
298.15
$end
$mult
 1
$end
$sigma
 1
$end
$pressure
1.00000
$end
$scale
1.0
$end
$msrrho
$end
$freq
20.66
32.04
36.98
52.27
70.53
96.06
109.06
138.99
161.92
164.12
166.87
202.91
231.60
268.18
294.23
324.34
329.60
342.23
392.79
429.13
471.98
514.37
540.53
575.83
589.89
606.12
809.63
884.74
911.74
941.76
961.67
967.88
977.64
1018.93
1055.46
1058.76
1087.25
1107.71
1136.11
1143.09
1149.74
1162.67
1163.91
1167.69
1170.93
1178.71
1181.90
1187.80
1197.39
1206.00
1209.96
1219.27
1233.57
1246.77
1270.60
1272.76
1276.31
1287.00
1287.32
1290.42
1298.33
1301.90
1306.47
1308.10
1318.33
1335.29
1347.33
1359.06
1369.03
1387.02
1395.54
2915.26
2922.55
2925.31
2925.52
2944.19
2948.01
2950.92
2968.72
2976.91
2979.50
2982.79
2985.40
2992.13
3019.41
3022.73
3026.52
3026.98
3078.52
3084.22
$end
