$molecule
 H  -0.06373925 -0.39125482 0.01958752
 C  -0.08750737 -0.31082139 1.13234174
 C   1.30772321 -0.05236390 1.67206609
 C  -1.07503761 0.73875417 1.57876573
Cl  -0.64856362 -1.89511074 1.76315432
 C   2.32718970 -1.01029532 1.08420647
 H   1.30469432 -0.14352379 2.77768611
 H   1.60118836 0.99444358 1.45275837
 C   3.68733703 -0.86340304 1.74028169
Cl   2.51024324 -0.62826443 -0.66277404
 H   1.96386583 -2.06535808 1.15763312
 C   4.66026775 -1.92620559 1.26052249
 H   3.58524163 -0.92819445 2.84430962
 H   4.09998875 0.14449926 1.52960867
 C   6.06701990 -1.68579193 1.77736761
Cl   4.10123298 -3.51818607 1.85613946
 H   4.66287269 -1.96757407 0.14373174
 C   7.05653800 -2.69865764 1.22977474
Cl   6.04456696 -1.81940464 3.56265367
 H   6.39992964 -0.64966504 1.52353522
 C   8.48477008 -2.35863949 1.61278751
 H   6.79835533 -3.71152221 1.60454117
 H   6.96613862 -2.74985464 0.12526548
 C   9.45618956 -3.43847649 1.20582951
Cl   8.95021329 -0.84987092 0.75448533
 H   8.55434241 -2.14656786 2.70605104
 H   9.24480859 -4.37874423 1.73188272
 H  10.48854056 -3.14943420 1.44126621
 H   9.40787593 -3.64255586 0.12779612
 H  -2.08740739 0.50252520 1.22653205
 H  -0.80722858 1.72769407 1.18413619
 H  -1.11624113 0.81747000 2.67339368
$end
$temperature
298.15
$end
$mult
 1
$end
$sigma
 1
$end
$pressure
1.00000
$end
$scale
0.953
$end
$msrrho
$end
$freq
19.33
24.26
39.96
42.46
54.10
66.85
78.20
100.18
125.99
149.90
164.05
167.26
169.13
173.72
203.05
278.35
311.99
317.17
339.09
353.64
370.04
380.52
412.74
479.04
504.11
532.92
594.17
605.57
612.12
617.73
621.54
703.55
902.34
927.83
947.81
951.09
962.53
1016.54
1019.16
1068.35
1076.35
1090.54
1093.74
1108.66
1113.59
1121.76
1129.59
1139.76
1146.91
1150.77
1162.10
1167.83
1180.57
1190.69
1193.30
1200.61
1201.31
1208.18
1229.34
1254.39
1306.32
1366.46
1373.59
1376.89
1379.77
1387.43
1393.71
1394.25
1399.40
1400.64
1404.99
1416.07
1419.25
2884.44
2889.34
2893.67
2906.11
2906.64
2943.53
2944.79
2950.38
3016.07
3017.70
3023.35
3081.58
3081.58
3085.43
3085.61
3178.52
3178.63
$end
