$molecule
 H  -0.34065493 0.08717576 0.44239724
 C  -0.01684838 -0.00716529 1.51246140
 C   1.49971876 -0.00925131 1.59089356
 C  -0.62482136 -1.24209118 2.12550879
 H  -0.39577437 0.89989064 2.05720693
 C   2.05708310 1.35207117 1.21391610
Cl   2.17319510 -1.26153196 0.52735429
 H   1.83438407 -0.29996624 2.62109348
 H  -1.73892700 -1.18612756 2.06816129
 H  -0.33077100 -1.33677372 3.19896539
 H  -0.28933723 -2.16109150 1.58651450
 C   3.53839077 1.48752635 1.52445787
 H   1.89788049 1.53046138 0.11621869
 H   1.48145559 2.14212043 1.76879922
 C   4.13573052 2.70422638 0.82248074
Cl   3.80570978 1.55289223 3.27033950
 H   4.08442414 0.56491202 1.18315643
 C   5.65551288 2.78074886 0.96656489
Cl   3.39275096 4.19134332 1.42598965
 H   3.86065152 2.65923453 -0.26704065
 C   6.25082774 4.01541273 0.29406720
Cl   6.38856008 1.30939043 0.31613596
 H   5.92920164 2.79117956 2.05845575
 C   7.74453173 4.17531315 0.56814658
Cl   5.96138251 3.97359206 -1.45004842
 H   5.70905883 4.93122878 0.65824875
 C   8.32046270 5.40367575 -0.09676532
Cl   8.01596173 4.29071924 2.31830206
 H   8.30147059 3.25659759 0.24529424
 H   9.38151436 5.55277280 0.22095702
 H   8.30149935 5.28351816 -1.20787806
 H   7.73673324 6.31645187 0.17432729
$end
$temperature
298.15
$end
$mult
 1
$end
$sigma
 1
$end
$pressure
1.00000
$end
$scale
0.961
$end
$msrrho
$end
$freq
14.90
25.86
28.25
38.92
53.23
58.56
74.55
83.32
129.01
137.52
158.67
163.54
165.40
182.44
185.00
193.32
239.78
286.80
316.34
324.41
339.72
380.77
404.40
417.20
476.50
483.93
536.45
619.45
676.84
705.96
737.44
773.01
781.59
827.90
859.71
867.95
978.94
1006.97
1012.05
1065.78
1084.96
1121.16
1127.08
1132.77
1155.43
1165.57
1182.82
1194.90
1197.51
1206.98
1220.25
1223.23
1224.65
1229.85
1231.03
1238.41
1261.74
1264.34
1274.56
1285.03
1292.59
1317.75
1357.76
1371.41
1383.24
1388.44
1388.92
1391.49
1391.99
1397.48
1409.95
1425.18
1432.65
1438.24
2986.92
2992.88
2998.48
3008.37
3009.56
3011.60
3027.09
3029.52
3056.11
3060.55
3062.94
3064.10
3080.54
3088.94
3153.40
3156.17
$end
