$molecule
 H  -0.42965464 0.38356406 0.06502351
 C  -0.29945266 0.16876597 1.13661523
 C   1.07558151 -0.39554623 1.42197376
 H  -0.48657215 1.10930136 1.67277435
 H  -1.09768685 -0.53438474 1.41864410
 C   1.37102629 -0.51507285 2.92412201
Cl   2.29167107 0.76577744 0.74979529
 H   1.23020505 -1.36692655 0.89062549
 C   2.75712832 -1.09187600 3.22899731
Cl   0.11105168 -1.57926007 3.62977575
 H   1.25586907 0.49094520 3.41192595
 C   3.03654704 -1.23271163 4.73216881
Cl   2.88541300 -2.72820165 2.50434920
 H   3.54594341 -0.45328849 2.74068586
 C   4.42487465 -1.80847160 5.03581047
Cl   2.90968051 0.40318863 5.45762204
 H   2.24438985 -1.87062048 5.21517225
 C   4.71270399 -1.92940165 6.53910975
Cl   5.67315163 -0.72695680 4.33530616
 H   4.53969048 -2.81168577 4.53770874
 C   6.10027865 -2.50280153 6.84380784
Cl   3.46314756 -3.01017905 7.23886191
 H   4.60064526 -0.92817232 7.04254410
 C   6.38436001 -2.64998338 8.34568911
Cl   6.24774002 -4.13454499 6.11332760
 H   6.89444187 -1.86321029 6.37103343
 C   7.75532171 -3.22399361 8.63124388
Cl   6.33662899 -0.97970204 9.04377083
 H   5.58628578 -3.23790404 8.86266602
 H   7.82736657 -4.28093003 8.33322285
 H   7.99187185 -3.18020482 9.70528073
 H   8.55484481 -2.68086748 8.10889030
$end
$temperature
298.15
$end
$mult
 1
$end
$sigma
 1
$end
$pressure
1.00000
$end
$scale
1.093
$end
$msrrho
$end
$freq
15.30
28.58
32.65
41.13
44.00
60.11
60.76
87.08
114.19
116.22
129.73
139.10
159.23
165.15
170.71
173.39
182.67
188.41
281.21
292.01
303.07
313.07
315.84
316.47
378.12
405.66
406.87
409.42
464.54
487.84
540.16
622.83
652.37
727.37
729.36
742.60
745.13
777.39
804.79
820.86
835.60
969.29
973.06
1048.43
1049.86
1076.75
1084.79
1117.25
1127.64
1135.52
1141.74
1146.34
1147.24
1157.87
1166.57
1168.40
1181.32
1183.71
1200.64
1205.86
1208.65
1216.05
1237.31
1237.38
1250.77
1250.97
1267.64
1268.14
1297.49
1299.03
1301.78
1303.59
1334.91
1335.49
1349.44
1349.57
2617.78
2619.76
2631.91
2634.47
2639.35
2640.25
2660.28
2660.32
2680.76
2680.79
2690.55
2690.59
2783.76
2783.85
$end
