$molecule
 H  -0.31532401 0.05758317 0.45624372
 C  -0.02508315 -0.01148229 1.52372614
 C   1.48666800 0.04663059 1.64808250
 C  -0.58851821 -1.27275367 2.13784561
 H  -0.46697872 0.87834203 2.01534159
 C   2.04758783 1.36754229 1.15305046
Cl   2.18458921 -1.26280810 0.63482580
 H   1.80879183 -0.14525612 2.69956608
 H  -1.67770737 -1.31964990 2.01399708
 H  -0.37646145 -1.33090965 3.21376117
 H  -0.16156782 -2.17042890 1.66942369
 C   3.53615461 1.48380326 1.42830855
 H   1.85847314 1.47035650 0.06479253
 H   1.51406838 2.21193139 1.63811083
 C   4.13642198 2.72155144 0.78491230
Cl   3.78252192 1.59114675 3.19721471
 H   4.06907602 0.56781096 1.06709943
 C   5.64806398 2.77742149 0.94227576
Cl   3.42694767 4.15924350 1.57755557
 H   3.87025341 2.76365005 -0.29987065
 C   6.24923127 4.02050555 0.30837230
Cl   6.35133202 1.34460489 0.13710102
 H   5.92120739 2.73273616 2.02768347
 C   7.73555845 4.15356077 0.59923523
Cl   6.02638794 3.90883649 -1.46207990
 H   5.70296157 4.92900832 0.66376603
 C   8.34718554 5.36590052 -0.05831173
Cl   7.93773080 4.33945642 2.37098946
 H   8.26727521 3.22007230 0.29624804
 H   9.41342194 5.44796944 0.18843374
 H   8.25881211 5.30827310 -1.15205686
 H   7.85909317 6.29419256 0.26764480
$end
$temperature
298.15
$end
$mult
 1
$end
$sigma
 1
$end
$pressure
1.00000
$end
$scale
0.953
$end
$msrrho
$end
$freq
22.46
27.82
36.31
46.88
58.83
66.75
76.45
94.87
125.30
130.51
158.66
159.66
169.25
171.56
179.91
198.68
229.95
264.15
288.27
294.00
319.68
352.80
375.61
391.42
444.78
459.21
499.95
566.08
603.68
610.47
643.89
663.82
685.78
745.01
805.90
841.65
943.28
951.95
963.99
1021.69
1035.59
1075.13
1084.71
1092.69
1103.66
1115.97
1124.82
1131.44
1133.08
1138.68
1143.90
1149.42
1150.95
1154.13
1178.66
1180.88
1191.00
1200.85
1205.41
1206.72
1211.64
1252.21
1315.04
1346.53
1369.48
1376.75
1383.99
1389.97
1396.74
1402.22
1404.65
1405.03
1407.28
1426.01
2867.97
2871.33
2887.20
2892.12
2902.19
2905.70
2944.53
2954.18
3016.70
3030.55
3076.25
3076.95
3085.00
3085.63
3174.55
3178.07
$end
