$molecule
 H  -0.05937777 -0.16424344 0.04154192
 C  -0.13070699 -0.29608312 1.14845921
 C   1.23405033 -0.17146180 1.82353892
 C  -1.17034278 0.62922242 1.74580031
Cl  -0.71259128 -2.00212692 1.39583588
 C   2.32070005 -0.96584823 1.10607881
 H   1.16368101 -0.51086764 2.88168130
 H   1.51583574 0.90308297 1.88277298
 C   3.64078506 -0.96745041 1.87235664
Cl   2.61888436 -0.16518014 -0.49983869
 H   1.98288649 -2.00664883 0.86938067
 C   4.67829358 -1.89035110 1.23959067
 H   3.44968791 -1.27397047 2.92865815
 H   4.04935627 0.06522882 1.94675835
 C   6.10277395 -1.62432728 1.73303465
Cl   4.19434165 -3.59424918 1.57759976
 H   4.67211566 -1.80071992 0.11908694
 C   7.06080615 -2.77910592 1.46349917
Cl   6.10880681 -1.29340158 3.50893539
 H   6.46995317 -0.67402140 1.25842568
 C   8.52391254 -2.36708237 1.60576943
 H   6.85344700 -3.62688995 2.15870400
 H   6.87380640 -3.19889950 0.44933758
 C   9.47941376 -3.53730672 1.51207854
Cl   8.91302138 -1.23401271 0.23330621
 H   8.69571809 -1.77449532 2.53686074
 H   9.33058935 -4.24717246 2.33713360
 H  10.52762332 -3.20606259 1.55377429
 H   9.36567898 -4.09534049 0.57207508
 H  -2.15887198 0.46995668 1.28961267
 H  -0.90882187 1.68435015 1.59071249
 H  -1.29743291 0.47325670 2.82588770
$end
$temperature
298.15
$end
$mult
 1
$end
$sigma
 1
$end
$pressure
1.00000
$end
$scale
1.093
$end
$msrrho
$end
$freq
20.99
23.59
37.57
41.64
57.02
71.57
76.29
105.09
129.80
153.48
171.37
173.44
179.04
198.88
211.54
295.57
325.89
333.14
362.64
377.18
386.52
392.89
426.49
486.87
513.27
524.76
628.07
649.93
656.54
667.56
688.59
732.51
913.02
937.68
961.13
963.22
975.39
1033.11
1036.07
1082.56
1105.48
1116.88
1128.70
1131.94
1140.83
1143.91
1162.51
1172.35
1178.74
1182.96
1189.47
1197.10
1199.96
1212.85
1218.70
1231.26
1239.94
1242.53
1245.15
1245.73
1251.57
1252.47
1256.55
1262.58
1268.49
1277.98
1282.28
1288.91
1325.07
1329.37
1340.60
1344.76
1347.99
2635.17
2638.58
2644.97
2648.80
2652.90
2659.15
2663.97
2666.60
2687.86
2687.90
2692.67
2694.18
2726.21
2729.84
2734.78
2787.05
2787.45
$end
