$molecule
 H  -0.40443451 0.23730420 0.10744524
 C  -0.24056508 0.14288150 1.19153874
 C   1.10680618 -0.45070209 1.49474384
 H  -0.36748327 1.14966693 1.61703868
 H  -1.05336131 -0.48519853 1.59142609
 C   1.43025685 -0.48401088 2.96850389
Cl   2.37581358 0.73511822 0.80918728
 H   1.29299835 -1.42136493 0.97962714
 C   2.79663309 -1.05083772 3.26381293
Cl   0.17426445 -1.62062823 3.70505590
 H   1.28525111 0.50311790 3.47460674
 C   3.02765723 -1.28610075 4.73645322
Cl   2.89581417 -2.73208990 2.50987478
 H   3.60560955 -0.44216099 2.77706746
 C   4.39375339 -1.85260786 5.03042926
Cl   2.93019379 0.39241829 5.49805831
 H   2.21727085 -1.89521728 5.21984125
 C   4.71384362 -1.87189751 6.50507591
Cl   5.65156545 -0.71969788 4.29466294
 H   4.54186030 -2.84829329 4.53233011
 C   6.08039939 -2.43822683 6.80048264
Cl   3.45305947 -3.00563374 7.23304300
 H   4.56626890 -0.87762976 7.00658433
 C   6.32362931 -2.66578442 8.27247867
Cl   6.17422617 -4.11806370 6.03810829
 H   6.88260240 -1.83278608 6.30903122
 C   7.69554831 -3.19990050 8.57622271
Cl   6.25564781 -0.94105914 8.98472646
 H   5.50377273 -3.23060558 8.77349024
 H   7.83154406 -4.21193593 8.16111260
 H   7.87125428 -3.26568804 9.66057139
 H   8.49822313 -2.56893732 8.16586660
$end
$temperature
298.15
$end
$mult
 1
$end
$sigma
 1
$end
$pressure
1.00000
$end
$scale
1.0
$end
$msrrho
$end
$freq
19.18
34.08
34.55
49.27
55.63
66.76
73.70
75.23
107.39
121.94
125.41
134.22
158.53
162.21
165.23
168.90
174.95
179.39
237.16
240.79
259.91
273.90
275.60
282.19
321.47
353.66
379.68
379.73
423.00
448.00
502.21
564.37
577.48
609.45
620.91
630.33
637.97
663.78
690.05
732.34
767.00
973.27
973.76
1021.63
1021.67
1090.12
1100.14
1112.47
1115.82
1122.82
1129.56
1138.63
1155.81
1155.88
1162.76
1166.88
1182.22
1199.29
1201.95
1202.77
1213.95
1215.00
1228.19
1231.99
1242.02
1252.22
1264.11
1264.13
1281.01
1281.21
1309.50
1331.93
1340.07
1360.17
1380.49
1391.02
2867.06
2870.17
2877.20
2880.91
2912.57
2912.74
2942.38
2942.39
3010.48
3010.48
3021.49
3021.51
3074.15
3074.17
$end
