$molecule
 H  -0.61721452 -0.89694116 0.64779842
 C  -0.15152059 -0.08765855 1.25324473
 C   1.35253420 -0.01680694 0.97966444
 H  -0.62735124 0.88090259 0.97933730
 H  -0.34355083 -0.28830478 2.33029143
 C   2.05466060 -1.33561945 1.34364250
 H   1.51720177 0.20030566 -0.10523642
 H   1.79506539 0.81676864 1.57612275
 C   3.56353997 -1.26516878 1.11218563
 H   1.61745118 -2.16237063 0.73162294
 H   1.86762926 -1.56158247 2.42260893
 C   4.29144823 -2.50679742 1.62619733
Cl   3.85070423 -1.14457736 -0.68034789
 H   3.99185554 -0.32885023 1.53895084
 C   5.80408869 -2.51322116 1.36619776
 H   3.85654629 -3.41331517 1.13258759
 H   4.10625105 -2.58862460 2.72866962
 C   6.56229148 -1.36028823 2.01924014
 H   6.21177488 -3.48441434 1.74521907
 H   5.98497872 -2.46526948 0.25980893
 C   8.07201570 -1.45777192 1.80208682
Cl   6.26495334 -1.42347122 3.81462888
 H   6.17019129 -0.36789008 1.68924193
 C   8.81664443 -0.21406026 2.28761368
 H   8.47407461 -2.34997244 2.34755631
 H   8.26939254 -1.60346972 0.70783005
 C  10.32573745 -0.36806157 2.24808918
Cl   8.37853146 1.15814088 1.17180114
 H   8.46642544 0.11006925 3.29825531
 H  10.64919940 -1.15666052 2.96613902
 H  10.81585666 0.59479456 2.53110692
 H  10.67087252 -0.64402155 1.22436274
$end
$temperature
298.15
$end
$mult
 1
$end
$sigma
 1
$end
$pressure
1.00000
$end
$scale
1.093
$end
$msrrho
$end
$freq
5.41
23.36
35.13
45.49
52.09
84.37
91.22
135.13
164.00
169.42
173.16
187.81
238.65
279.84
324.93
330.33
353.44
374.68
416.30
437.69
478.03
508.53
556.44
649.12
655.07
665.25
794.99
861.42
912.73
940.59
957.58
964.20
971.94
1024.65
1040.84
1062.65
1103.06
1116.75
1124.30
1132.38
1148.44
1151.40
1160.55
1163.96
1165.68
1179.37
1182.89
1193.86
1199.24
1205.91
1211.86
1236.19
1245.95
1266.45
1281.94
1319.49
1325.68
1335.89
1339.55
1345.36
1348.47
1350.52
1358.25
1359.15
1359.90
1365.94
1370.26
1378.02
1378.76
1403.59
1403.97
2623.97
2628.08
2629.67
2635.74
2648.10
2654.36
2663.39
2663.91
2670.76
2673.35
2674.35
2677.62
2757.92
2761.41
2764.51
2766.71
2774.67
2850.57
2854.46
$end
