$molecule
 H  -0.52533244 -0.31720017 0.63680615
 C   0.02795089 0.28767200 1.36751202
 C   1.52464347 0.15447582 1.17986963
 H  -0.30187948 1.32968920 1.24199678
 H  -0.29668917 -0.02329108 2.37000241
 C   2.03546393 -1.26028597 1.44215729
Cl   2.32425188 1.25992794 2.38736726
 H   1.84358491 0.53160889 0.17808249
 C   3.50824597 -1.43211966 1.08105160
 H   1.41267013 -1.98579533 0.87328277
 H   1.88230262 -1.52631661 2.51208136
 C   4.06127470 -2.78764842 1.51109164
Cl   3.64414491 -1.31912071 -0.73014892
 H   4.12891652 -0.59280944 1.47893663
 C   5.57002488 -2.89324640 1.26196100
 H   3.53066504 -3.60715512 0.98291768
 H   3.84694198 -2.94153067 2.59252087
 C   6.12307719 -4.24876495 1.69199455
 H   5.78439276 -2.73937567 0.18054993
 H   6.10065909 -2.07377258 1.79013739
 C   7.59584380 -4.42062014 1.33088326
Cl   5.98720639 -4.36176985 3.50318741
 H   5.50241529 -5.08808745 1.29414824
 C   8.10668382 -5.83537688 1.59318418
 H   7.74900231 -4.15458811 0.26097076
 H   8.21864114 -3.69510430 1.89973531
 C   9.60338964 -5.96858746 1.40551795
Cl   7.30703537 -6.94083462 0.38570111
 H   7.78774320 -6.21248654 2.59497086
 H  10.15667298 -5.36370379 2.13624650
 H   9.92802412 -5.65763397 0.40302218
 H   9.93317531 -7.01062682 1.53105950
$end
$temperature
298.15
$end
$mult
 1
$end
$sigma
 1
$end
$pressure
1.00000
$end
$scale
1.093
$end
$msrrho
$end
$freq
12.55
22.92
39.49
46.20
58.42
64.36
105.70
115.44
131.01
171.54
172.90
174.59
193.96
207.82
301.55
327.02
342.01
361.17
375.08
388.05
394.40
465.71
485.87
520.27
575.16
645.01
647.56
660.16
667.28
815.34
920.94
942.02
960.29
960.79
1002.29
1034.15
1038.95
1096.20
1102.96
1115.71
1116.88
1123.06
1139.44
1147.71
1169.12
1172.81
1179.52
1182.79
1188.84
1198.39
1205.91
1208.00
1219.71
1228.06
1241.93
1242.30
1245.53
1245.68
1250.02
1252.56
1257.65
1262.22
1265.83
1274.40
1282.27
1285.95
1322.11
1324.28
1328.67
1339.47
1342.93
1345.35
2646.75
2651.50
2651.86
2658.70
2662.33
2664.50
2668.77
2675.65
2688.17
2688.18
2694.06
2694.20
2726.35
2733.24
2735.28
2741.16
2787.43
2787.54
$end
