$molecule
 H  -0.36638875 0.13031738 0.55637090
 C  -0.03522173 0.02009949 1.61130663
 C   1.47033974 0.11613940 1.70887925
 C  -0.52994034 -1.29670783 2.18567714
 H  -0.49832533 0.87668932 2.14859934
 C   2.02765251 1.40998206 1.15634552
Cl   2.15258417 -1.21951002 0.57589076
 H   1.87141544 -0.13968149 2.71539587
 H  -1.62238814 -1.38883446 2.10196467
 H  -0.28377498 -1.40688651 3.25170888
 H  -0.09421107 -2.16260179 1.66400150
 C   3.53327515 1.44207277 1.30353507
 H   1.74529492 1.53382034 0.08708377
 H   1.56715591 2.28020386 1.67986829
 C   4.16112700 2.65616203 0.66784581
Cl   3.86086390 1.53778817 3.12913643
 H   4.03268545 0.49717724 0.96442613
 C   5.61758807 2.83084137 1.02269789
Cl   3.32831867 4.16198932 1.34589160
 H   3.98248548 2.68259085 -0.43683811
 C   6.23401750 4.05854929 0.40019707
Cl   6.43859867 1.34662949 0.29474704
 H   5.81680780 2.78924209 2.12777448
 C   7.73373786 4.11680064 0.55737108
Cl   5.95235127 3.97167818 -1.42655181
 H   5.71731492 4.98913587 0.74407132
 C   8.35095152 5.34989708 -0.04140152
Cl   7.95911751 4.25450963 2.40531703
 H   8.24639218 3.17255576 0.26085376
 H   9.42795343 5.40772984 0.17703934
 H   8.23887747 5.36117401 -1.13787251
 H   7.90256393 6.27893037 0.34140203
$end
$temperature
298.15
$end
$mult
 1
$end
$sigma
 1
$end
$pressure
1.00000
$end
$scale
1.0
$end
$msrrho
$end
$freq
22.51
34.52
41.59
53.66
63.56
68.17
78.00
95.32
120.38
130.57
156.63
162.36
169.79
173.97
178.32
206.67
225.50
243.52
272.31
278.96
299.98
335.18
355.98
380.21
429.16
447.00
486.40
546.27
573.91
582.30
614.07
620.25
648.69
685.49
749.19
860.11
951.15
973.93
984.23
1022.15
1053.46
1090.94
1103.34
1108.61
1120.24
1133.91
1141.24
1148.81
1154.14
1157.41
1160.07
1169.93
1180.62
1187.89
1196.70
1204.83
1213.57
1222.83
1227.85
1236.70
1241.81
1264.57
1268.94
1273.83
1281.44
1288.44
1298.37
1301.53
1323.88
1336.88
1352.36
1364.11
1384.07
1393.44
2868.67
2885.72
2907.33
2913.19
2917.04
2932.76
2941.85
2950.31
2971.96
2986.87
3010.79
3021.46
3021.66
3027.54
3074.30
3080.59
$end
