$molecule
 H  -0.60221085 0.42784156 0.66552069
 C  -0.55573822 -0.03710003 1.67541192
 C   0.89447449 -0.34269112 2.05484215
 C  -1.41119622 -1.29825902 1.69586763
 H  -0.97556770 0.72211368 2.36693497
 C   1.67618467 0.92512482 2.41688923
Cl   1.67171684 -1.19301334 0.66957954
 H   0.93322058 -1.06431984 2.91235266
 H  -1.01661898 -2.06116861 1.00953271
 H  -1.46146072 -1.74825005 2.69397234
 H  -2.43966043 -1.08224586 1.38137268
 C   3.17456009 0.69099501 2.64484951
Cl   1.50493146 2.13502132 1.10276897
 H   1.20626546 1.38019244 3.33165488
 C   3.93812906 1.96709849 3.01725223
Cl   3.32828349 -0.49401929 3.98520962
 H   3.63737049 0.22156010 1.73164680
 C   5.43242865 1.72539885 3.27367821
Cl   3.23912760 2.64918008 4.52463759
 H   3.80308022 2.74180103 2.21157955
 C   6.19453882 3.00008484 3.64987072
Cl   6.13062220 1.04555715 1.76781382
 H   5.57283321 0.95159120 4.07991666
 C   7.69477310 2.76903879 3.88189762
Cl   6.04087902 4.20245962 2.32735007
 H   5.73920953 3.46614905 4.56553317
 C   8.43642227 4.03838145 4.24156938
Cl   7.82822554 1.64131768 5.29265595
 H   8.17448541 2.25520732 3.01258505
 H   7.96352149 4.57955264 5.07247722
 H   8.49724749 4.73256228 3.38978166
 H   9.47076263 3.82393745 4.55062260
$end
$temperature
298.15
$end
$mult
 1
$end
$sigma
 1
$end
$pressure
1.00000
$end
$scale
1.093
$end
$msrrho
$end
$freq
18.25
34.46
36.71
43.96
49.01
61.38
85.06
88.46
116.34
123.41
137.11
155.33
163.14
171.09
174.96
179.57
186.75
237.98
277.00
291.78
309.11
314.87
328.09
388.64
407.17
432.35
457.01
483.96
538.81
621.06
650.66
689.58
728.41
742.96
767.16
788.28
811.88
831.09
869.21
968.29
972.05
1049.09
1057.11
1075.59
1084.66
1118.64
1132.86
1136.34
1142.66
1146.46
1154.72
1159.13
1166.23
1167.78
1180.53
1183.65
1202.36
1204.52
1215.16
1219.04
1237.35
1250.96
1256.13
1261.17
1267.90
1269.71
1273.78
1290.77
1298.45
1302.03
1323.61
1328.74
1334.84
1349.41
1349.57
2618.32
2621.88
2633.75
2640.04
2643.09
2647.21
2659.10
2660.27
2680.86
2689.98
2690.75
2696.43
2735.48
2783.89
2786.09
$end
