$molecule
 H  -0.05008474 -0.26675636 -0.01674282
 C  -0.09950082 -0.28066372 1.09448677
 C   1.26730273 -0.11976107 1.74733775
 C  -1.11462941 0.70831932 1.62342093
Cl  -0.69504564 -1.93277131 1.49854713
 C   2.32976479 -0.99675822 1.10264791
 H   1.20085083 -0.35327978 2.83513423
 H   1.56872479 0.95137742 1.71175490
 C   3.64954501 -0.94503387 1.85865373
Cl   2.63519839 -0.35041494 -0.55075377
 H   1.97609268 -2.04070480 0.93873922
 C   4.65988151 -1.94611543 1.31483639
 H   3.45754550 -1.13185788 2.94300906
 H   4.07738578 0.08276912 1.83116612
 C   6.07625112 -1.68758062 1.80380431
Cl   4.13844797 -3.57759959 1.82433707
 H   4.65142559 -1.98165854 0.19652181
 C   7.06456993 -2.75986431 1.37044342
Cl   6.08726992 -1.62568737 3.59249230
 H   6.40325658 -0.66654345 1.48465148
 C   8.51024414 -2.32728299 1.57072415
 H   6.88979733 -3.71060476 1.92910696
 H   6.88600826 -3.03752185 0.30633692
 C   9.49264636 -3.44457803 1.30132156
Cl   8.84514260 -1.01410939 0.37938167
 H   8.68330232 -1.85358443 2.56209036
 H   9.37439325 -4.26284377 2.02645262
 H  10.53600016 -3.10259755 1.37673717
 H   9.37369072 -3.87863998 0.29824962
 H  -2.11715501 0.53147192 1.20472015
 H  -0.84036673 1.73999718 1.36178814
 H  -1.21674471 0.66406730 2.71689841
$end
$temperature
298.15
$end
$mult
 1
$end
$sigma
 1
$end
$pressure
1.00000
$end
$scale
1.093
$end
$msrrho
$end
$freq
17.04
23.07
32.88
37.40
50.56
69.07
74.01
97.48
126.54
149.82
163.87
171.57
173.46
185.71
199.58
278.91
308.09
313.68
338.66
353.35
366.35
373.33
409.84
474.51
504.71
527.06
607.63
644.54
652.75
663.98
680.80
740.77
931.82
957.91
974.11
977.81
993.67
1061.02
1064.23
1076.88
1088.27
1138.97
1140.42
1145.72
1148.25
1149.03
1153.51
1157.51
1181.80
1196.99
1199.18
1202.16
1206.49
1217.54
1236.16
1249.41
1275.37
1278.08
1282.51
1283.69
1285.10
1286.24
1289.66
1291.99
1296.28
1310.23
1315.07
1322.57
1349.82
1368.93
1384.35
1398.18
1398.41
2630.70
2633.00
2640.37
2650.17
2656.02
2659.87
2660.35
2663.17
2666.06
2666.90
2681.17
2681.70
2722.89
2726.41
2732.18
2777.77
2778.29
$end
