$molecule
 H  -0.46315764 0.18495014 0.60939424
 C  -0.08124316 0.00383108 1.64518514
 C   1.44727333 0.01644921 1.63766425
 C  -0.64076209 -1.32214730 2.16143431
 H  -0.44294897 0.83245792 2.30497377
 C   2.02375754 1.38102788 1.25811688
Cl   2.01728721 -1.17755136 0.39060304
 H   1.86225898 -0.34992901 2.60798962
 H  -1.75355046 -1.29120064 2.14658851
 H  -0.30110504 -1.51335249 3.20377424
 H  -0.30026790 -2.16497993 1.51472154
 C   3.54133589 1.43315100 1.43556799
 H   1.76610426 1.61079372 0.19191228
 H   1.54381613 2.16578010 1.90278096
 C   4.15799235 2.66829677 0.77200527
Cl   3.89497267 1.45581762 3.20278439
 H   4.02798458 0.50097553 1.03773448
 C   5.67059759 2.79682393 0.98782360
Cl   3.37958815 4.13951666 1.44656587
 H   3.92098846 2.65732183 -0.32722053
 C   6.27587775 4.03058817 0.31099795
Cl   6.43756968 1.33625263 0.27841097
 H   5.91615059 2.79620302 2.08664970
 C   7.77138888 4.20778069 0.61000459
Cl   6.09289014 3.85573766 -1.46606916
 H   5.71396432 4.95874859 0.60063649
 C   8.39984406 5.37197814 -0.12980373
Cl   7.89264710 4.55222538 2.38551652
 H   8.34112192 3.26075008 0.43623731
 H   9.43558648 5.54993930 0.24980092
 H   8.46104698 5.15063947 -1.22319181
 H   7.80998938 6.30714935 0.01448227
$end
$temperature
298.15
$end
$mult
 1
$end
$sigma
 1
$end
$pressure
1.00000
$end
$scale
1.093
$end
$msrrho
$end
$freq
18.44
28.25
36.40
44.90
56.02
59.49
72.68
81.55
122.48
132.23
150.78
162.06
166.73
169.98
179.27
191.07
232.30
281.51
303.28
310.72
340.64
375.03
396.64
404.73
459.54
470.17
504.50
583.17
636.67
656.85
702.35
725.57
758.11
789.61
826.86
857.96
953.84
967.71
975.95
1046.11
1056.30
1076.82
1091.93
1120.60
1124.38
1131.52
1138.08
1146.26
1147.46
1155.30
1162.49
1171.99
1180.52
1183.58
1193.59
1199.90
1204.51
1223.83
1253.66
1257.29
1266.47
1290.58
1296.92
1307.39
1324.18
1337.77
1349.66
1352.38
1356.56
1358.50
1359.23
1369.15
1409.70
1410.56
2620.00
2623.53
2633.43
2634.78
2640.64
2646.13
2652.07
2655.58
2663.78
2667.26
2672.05
2673.38
2756.66
2767.41
2847.87
2852.31
$end
