$molecule
 H  -0.53163638 -0.81333804 0.59892323
 C  -0.07106131 -0.09665969 1.28833472
 C   1.43943562 -0.00689304 1.07606964
 H  -0.55225210 0.87366455 1.11860347
 H  -0.31886744 -0.41090660 2.30811761
 C   2.09877596 -1.37470578 1.29979236
 H   1.65144538 0.36014206 0.05194896
 H   1.87470513 0.74509247 1.76190491
 C   3.61365760 -1.29089855 1.19148886
 H   1.68861399 -2.11218786 0.58063404
 H   1.82143031 -1.75894447 2.30365727
 C   4.29251942 -2.59384351 1.58806418
Cl   4.03008733 -0.95607415 -0.52904645
 H   4.01412332 -0.41656038 1.74878809
 C   5.81252225 -2.59640966 1.37724997
 H   3.85272717 -3.44386705 1.02346233
 H   4.06119377 -2.80870469 2.65488095
 C   6.51397942 -1.37604407 1.95168211
 H   6.23175810 -3.52827504 1.81227564
 H   6.03769851 -2.65916108 0.28829703
 C   8.02801149 -1.47691362 1.83626299
Cl   6.11189373 -1.27681198 3.70672806
 H   6.12351553 -0.42635291 1.52140816
 C   8.73397964 -0.19267738 2.25032515
 H   8.41154512 -2.32224582 2.44996216
 H   8.30120385 -1.74532544 0.78996726
 C  10.23962893 -0.33903441 2.27198727
Cl   8.33296306 1.06274072 1.02062062
 H   8.34551612 0.22165900 3.20674699
 H  10.55908350 -1.05728576 3.03994125
 H  10.74160057 0.61343161 2.50002844
 H  10.64283302 -0.68696548 1.31058193
$end
$temperature
298.15
$end
$mult
 1
$end
$sigma
 1
$end
$pressure
1.00000
$end
$scale
1.093
$end
$msrrho
$end
$freq
20.71
26.17
34.50
49.59
56.95
84.36
89.91
133.10
164.47
168.32
171.79
182.38
228.55
262.86
307.41
317.61
328.51
359.49
407.79
422.25
470.35
498.90
560.36
644.97
652.54
664.37
809.39
871.02
938.77
961.07
971.20
979.31
998.87
1035.05
1064.95
1096.74
1109.87
1129.71
1138.58
1141.63
1146.35
1158.96
1169.40
1171.99
1184.25
1190.75
1201.67
1206.33
1221.74
1225.52
1242.58
1245.00
1278.69
1284.35
1284.89
1288.64
1297.53
1299.60
1300.79
1312.79
1314.57
1317.06
1320.22
1321.87
1329.90
1352.18
1360.10
1371.57
1395.67
1400.05
1405.49
2640.23
2642.63
2648.35
2654.47
2660.70
2664.70
2667.53
2668.16
2677.47
2678.01
2682.15
2689.55
2729.58
2731.95
2735.25
2737.15
2749.72
2778.53
2783.21
$end
