$molecule
 H  -0.55713520 -0.84050823 0.57329722
 C  -0.11086339 -0.13055961 1.27950031
 C   1.40092900 -0.03135296 1.09595145
 H  -0.59195894 0.84057227 1.11325618
 H  -0.37705349 -0.45920359 2.29041253
 C   2.08059636 -1.39056028 1.31185230
 H   1.63093551 0.34723303 0.07838769
 H   1.81699660 0.71781911 1.79804187
 C   3.59962940 -1.29022067 1.21662795
 H   1.69358982 -2.12169161 0.57294002
 H   1.80089106 -1.79352896 2.30727159
 C   4.29508934 -2.59714544 1.58999071
Cl   4.03500505 -0.89672513 -0.50422229
 H   3.98571511 -0.43785667 1.82610529
 C   5.81038699 -2.59205251 1.35733982
 H   3.85347882 -3.43710410 1.01333602
 H   4.08138932 -2.81872408 2.65885392
 C   6.52251401 -1.36580057 1.91954941
 H   6.23708943 -3.51731941 1.79723208
 H   6.01866536 -2.64977309 0.26508998
 C   8.04087724 -1.48688131 1.83422620
Cl   6.07989855 -1.21081458 3.67830439
 H   6.15865953 -0.42728696 1.43049310
 C   8.75978106 -0.20472639 2.24805141
 H   8.39655251 -2.32605035 2.47119291
 H   8.32937791 -1.76371029 0.79554985
 C  10.26450856 -0.36982033 2.30818810
Cl   8.40182590 1.05992132 0.98933479
 H   8.35798817 0.20510565 3.20630343
 H  10.55936121 -1.09265227 3.07999236
 H  10.76289083 0.58201008 2.54391042
 H  10.68216119 -0.71302367 1.35173062
$end
$temperature
298.15
$end
$mult
 1
$end
$sigma
 1
$end
$pressure
1.00000
$end
$scale
1.093
$end
$msrrho
$end
$freq
25.08
31.46
37.49
58.19
61.78
92.78
102.10
140.91
166.22
174.69
183.11
202.47
240.91
278.91
327.03
331.71
351.85
380.70
425.23
436.26
482.78
508.39
572.43
651.40
658.33
666.88
785.28
854.46
913.70
941.82
958.56
967.41
989.94
1027.49
1041.49
1067.85
1117.35
1120.08
1131.85
1136.72
1149.42
1156.44
1170.73
1173.40
1176.25
1183.27
1189.29
1203.87
1205.38
1210.81
1215.54
1239.13
1245.37
1248.70
1251.50
1262.10
1263.28
1263.91
1271.72
1276.77
1282.22
1285.09
1286.59
1292.14
1312.11
1320.13
1328.81
1331.22
1346.12
1347.61
1348.83
2644.20
2651.25
2654.40
2656.62
2662.31
2666.73
2672.72
2679.27
2688.83
2694.59
2695.13
2701.67
2730.09
2731.54
2734.13
2736.38
2746.35
2786.31
2788.27
$end
