$molecule
 H  -0.51252334 -0.65240643 0.98978232
 C   0.11932452 0.21239138 1.30663112
 C   1.52905757 0.05671629 0.79686987
 H  -0.33575209 1.14857983 0.90218642
 H   0.10506945 0.26668095 2.42214416
 C   2.16816052 -1.20718148 1.33243849
 H   1.52349549 0.03038467 -0.32504808
 H   2.14115912 0.94567675 1.10460852
 C   3.60399524 -1.36960773 0.86816839
 H   1.56382936 -2.09961843 1.02166072
 H   2.16072869 -1.17421790 2.45564992
 C   4.29854332 -2.48077357 1.63550463
Cl   3.65520677 -1.70383342 -0.87692981
 H   4.16023016 -0.40327748 0.98365813
 C   5.79700759 -2.51346253 1.42119330
 H   3.86543113 -3.46986621 1.32776905
 H   4.07955086 -2.34895044 2.72986437
 C   6.53945572 -1.44870818 2.20902109
 H   6.18480062 -3.52672883 1.70977741
 H   6.02128950 -2.36974317 0.32923285
 C   7.98292654 -1.34982978 1.75003614
Cl   6.47489988 -1.80967444 3.94848961
 H   6.02910070 -0.45534060 2.10791497
 C   8.70709447 -0.13974873 2.31017373
 H   8.54057386 -2.27446395 2.06026078
 H   8.00148208 -1.30937487 0.62719007
 C  10.19294726 -0.23376521 2.05876211
Cl   8.07126210 1.35392628 1.58988183
 H   8.50305856 -0.03284765 3.40789215
 H  10.60580507 -1.12694294 2.58915194
 H  10.71511653 0.67729888 2.43931960
 H  10.40796632 -0.33645425 0.96770064
$end
$temperature
298.15
$end
$mult
 1
$end
$sigma
 1
$end
$pressure
1.00000
$end
$scale
0.961
$end
$msrrho
$end
$freq
18.30
26.69
28.07
44.50
58.07
80.03
99.70
136.67
154.38
167.11
169.67
176.02
255.15
295.11
333.12
343.64
365.20
378.42
412.30
449.63
506.17
538.54
575.65
700.61
705.90
720.49
791.58
905.05
935.60
967.38
985.39
1004.75
1009.47
1059.83
1086.50
1105.20
1126.46
1131.25
1192.12
1195.37
1199.73
1207.68
1214.97
1218.95
1220.34
1225.58
1233.12
1246.43
1251.33
1265.98
1269.03
1285.65
1290.75
1295.16
1336.75
1363.60
1384.25
1389.05
1390.42
1392.99
1393.54
1394.19
1396.12
1398.92
1405.05
1407.78
1425.82
1430.93
1434.88
1438.18
1444.04
3004.40
3006.10
3007.63
3012.22
3024.36
3025.46
3030.34
3032.98
3059.01
3061.25
3063.37
3065.62
3080.96
3082.15
3083.95
3087.62
3098.55
3154.85
3156.60
$end
