$molecule
 H  -0.73194040 0.50153573 0.88122865
 C  -0.53360977 -0.07169355 1.82555103
 C   0.95681655 -0.33109297 1.97127675
 C  -1.33062742 -1.35085845 1.82418495
 H  -0.86745513 0.57226075 2.68366840
 C   1.70678107 0.94324809 2.35056044
Cl   1.61622849 -1.05286818 0.49920301
 H   1.12562730 -1.10474222 2.76896070
 H  -1.02902857 -2.00639889 0.97153697
 H  -1.17667747 -1.91638936 2.77507956
 H  -2.41864890 -1.11886040 1.72363298
 C   3.17607617 0.68567068 2.68516758
Cl   1.58200206 2.14211714 1.05814768
 H   1.19272907 1.40983744 3.23506373
 C   3.93134317 1.96490997 3.03990071
Cl   3.29202907 -0.48492546 4.00559955
 H   3.67786207 0.19270909 1.80628199
 C   5.43015556 1.72661552 3.22778229
Cl   3.25029533 2.69843316 4.49798957
 H   3.77184297 2.72419496 2.22435194
 C   6.18424174 3.00610129 3.58417196
Cl   6.10865398 0.99491387 1.76939430
 H   5.59313750 0.96792574 4.04313850
 C   7.64618506 2.74772043 3.94201776
Cl   6.08658177 4.17530260 2.26218609
 H   5.67424347 3.50471222 4.45372272
 C   8.38227549 4.01856805 4.29661232
Cl   7.72996794 1.63331573 5.32117768
 H   8.16524214 2.21439809 3.10262027
 H   7.84045773 4.58659111 5.09110653
 H   8.47987517 4.67046409 3.39385691
 H   9.40886495 3.77920604 4.66792735
$end
$temperature
298.15
$end
$mult
 1
$end
$sigma
 1
$end
$pressure
1.00000
$end
$scale
0.961
$end
$msrrho
$end
$freq
14.01
25.26
29.25
38.59
50.85
60.33
67.85
82.27
122.08
134.55
141.32
158.56
163.39
168.88
180.02
182.25
188.20
224.19
276.39
290.77
317.63
324.32
339.06
390.25
417.13
436.21
478.76
502.86
570.35
656.04
683.36
720.73
767.80
772.90
794.13
823.00
853.14
872.88
884.06
1007.08
1009.34
1066.07
1082.71
1117.45
1125.17
1130.52
1152.69
1160.94
1169.30
1182.48
1197.59
1200.46
1212.33
1218.72
1220.53
1229.47
1234.38
1237.43
1241.69
1262.52
1273.09
1276.41
1279.78
1306.01
1343.46
1364.11
1370.16
1383.10
1388.93
1391.43
1391.71
1396.21
1413.21
1432.75
1437.51
2982.37
2986.69
2998.62
2999.68
3002.95
3010.34
3015.15
3027.16
3055.88
3060.40
3062.82
3063.96
3087.64
3153.23
3155.97
$end
