$molecule
 H  -0.41687799 0.38902295 0.05790030
 C  -0.29792277 0.14834646 1.12540613
 C   1.09097947 -0.37361909 1.42135599
 H  -0.53216922 1.06584815 1.68276403
 H  -1.07525537 -0.59118399 1.37118137
 C   1.36588819 -0.53234623 2.92356208
Cl   2.27784085 0.85028053 0.80897985
 H   1.29400061 -1.31983132 0.86132311
 C   2.75206739 -1.10826365 3.22871729
Cl   0.12126792 -1.64493660 3.58008392
 H   1.22562150 0.45389204 3.44250393
 C   3.04367792 -1.21626326 4.73204742
Cl   2.84079098 -2.76469086 2.54383694
 H   3.54496321 -0.49599674 2.71522483
 C   4.43165275 -1.79172324 5.03605517
Cl   2.95619737 0.43938974 5.41832809
 H   2.24655064 -1.82736722 5.23973071
 C   4.70489003 -1.94432974 6.53899177
Cl   5.66556555 -0.66891794 4.37531255
 H   4.56928164 -2.77905632 4.51372455
 C   6.09179296 -2.51848743 6.84416358
Cl   3.46936472 -3.06644644 7.19853036
 H   4.57131202 -0.95917081 7.06704704
 C   6.38880662 -2.62358867 8.34686697
Cl   6.19386835 -4.17445875 6.16205196
 H   6.89011419 -1.91015283 6.33992489
 C   7.73966406 -3.23772827 8.64201466
Cl   6.40639306 -0.92876039 8.98623729
 H   5.57391928 -3.15999681 8.89315667
 H   7.77084817 -4.30624229 8.37953845
 H   7.98668963 -3.16787058 9.71241391
 H   8.55642690 -2.74376204 8.09772168
$end
$temperature
298.15
$end
$mult
 1
$end
$sigma
 1
$end
$pressure
1.00000
$end
$scale
1.093
$end
$msrrho
$end
$freq
15.95
28.73
30.75
40.54
46.63
58.13
60.28
87.30
112.98
119.21
128.59
136.58
154.19
159.59
167.16
167.36
176.51
181.61
270.38
284.29
300.29
308.20
313.55
316.18
371.51
401.20
403.28
404.68
461.29
487.97
535.95
618.53
645.65
725.94
728.18
748.01
748.65
776.19
806.00
822.89
837.54
965.16
968.44
1043.46
1044.81
1075.28
1083.97
1115.09
1126.07
1131.43
1140.02
1145.13
1145.21
1156.37
1164.83
1166.88
1179.43
1182.17
1195.10
1202.49
1204.25
1212.37
1236.63
1236.66
1246.55
1246.90
1258.87
1259.61
1281.44
1287.02
1292.18
1292.34
1319.08
1320.06
1344.38
1344.55
2621.30
2622.76
2635.51
2637.13
2641.77
2642.36
2661.26
2661.31
2680.89
2680.93
2690.38
2690.43
2785.00
2785.09
$end
