$molecule
 H  -0.49082719 0.24705349 0.66467660
 C  -0.07755890 0.01311735 1.66815674
 C   1.44898110 0.01136376 1.62626274
 C  -0.63480734 -1.31955331 2.15573285
 H  -0.42670237 0.82943844 2.33549921
 C   2.02868721 1.38257911 1.28354657
Cl   1.97573280 -1.14294409 0.32551897
 H   1.87969890 -0.38977851 2.57539821
 H  -1.73085687 -1.30288110 2.18439842
 H  -0.28446114 -1.56745614 3.16460272
 H  -0.34116207 -2.14784753 1.49579048
 C   3.54716365 1.42302302 1.44520433
 H   1.74810909 1.67040059 0.24625065
 H   1.55026186 2.15451779 1.93076855
 C   4.16520240 2.65110347 0.76980093
Cl   3.91718627 1.43076791 3.20851260
 H   4.02051043 0.48886716 1.03568077
 C   5.67016310 2.80896807 1.01677929
Cl   3.35122489 4.13239356 1.37741197
 H   3.95281939 2.60064526 -0.33389783
 C   6.27456351 4.02977458 0.31646722
Cl   6.47082315 1.33520636 0.37619892
 H   5.88843924 2.85198409 2.12053352
 C   7.77271716 4.21271871 0.59769559
Cl   6.08413938 3.83148814 -1.45755952
 H   5.71720081 4.96274297 0.59930414
 C   8.37590944 5.38744895 -0.14100215
Cl   7.92385822 4.54624668 2.37167446
 H   8.34832439 3.27443261 0.40128480
 H   9.40798295 5.58112557 0.18907523
 H   8.41919821 5.21119471 -1.22656361
 H   7.81482222 6.31879093 0.01690636
$end
$temperature
298.15
$end
$mult
 1
$end
$sigma
 1
$end
$pressure
1.00000
$end
$scale
1.093
$end
$msrrho
$end
$freq
18.74
28.37
34.71
44.92
56.42
59.79
74.12
81.83
120.45
131.68
148.65
162.10
165.04
173.27
176.43
189.79
232.81
282.68
304.92
311.07
343.62
374.85
396.35
403.57
457.90
470.09
502.75
582.84
638.48
656.52
701.70
727.70
757.18
788.40
824.41
847.84
950.84
966.68
973.63
1044.20
1055.76
1077.22
1096.82
1122.17
1128.76
1136.68
1138.70
1146.78
1150.66
1156.64
1167.38
1175.73
1182.36
1184.82
1194.19
1203.44
1207.50
1224.99
1236.99
1246.95
1249.17
1255.79
1259.31
1260.76
1262.66
1264.38
1279.86
1291.35
1297.21
1309.73
1313.20
1340.07
1344.65
1347.75
2624.26
2631.17
2642.21
2643.70
2651.42
2658.23
2661.30
2670.31
2681.04
2690.68
2691.74
2696.74
2728.89
2739.08
2785.14
2788.06
$end
