$molecule
 H  -0.51427011 -0.31646437 0.59512148
 C   0.02024559 0.29420810 1.35925516
 C   1.52043467 0.15441875 1.18175028
 H  -0.28168592 1.36253119 1.23655594
 H  -0.29357481 -0.03937956 2.37590648
 C   2.02920481 -1.26213462 1.44822722
Cl   2.31866866 1.25875899 2.39306343
 H   1.85025884 0.53253809 0.18303419
 C   3.50393039 -1.43308161 1.08784827
 H   1.41121440 -1.98246791 0.85211283
 H   1.89081579 -1.50675385 2.53373170
 C   4.06215135 -2.78607146 1.52303520
Cl   3.63898175 -1.32566235 -0.72470353
 H   4.12297988 -0.58854160 1.47818743
 C   5.56917703 -2.89482901 1.25001252
 H   3.52573585 -3.60625074 0.98462862
 H   3.87841065 -2.90870732 2.62255721
 C   6.12738542 -4.24782852 1.68518679
 H   5.75290275 -2.77217795 0.15048429
 H   6.10557826 -2.07464804 1.78843506
 C   7.60211556 -4.41875947 1.32481181
Cl   5.99232105 -4.35526146 3.49775416
 H   5.50833184 -5.09236498 1.29482794
 C   8.11087724 -5.83531642 1.59130118
 H   7.74050570 -4.17414364 0.23930008
 H   8.22010180 -3.69842196 1.92093667
 C   9.61106904 -5.97510144 1.41382980
Cl   7.31267961 -6.93965564 0.37996390
 H   7.78104568 -6.21343683 2.59000476
 H  10.14557456 -5.36445503 2.17798417
 H   9.92492766 -5.64149602 0.39719840
 H   9.91300413 -7.04342330 1.53651078
$end
$temperature
298.15
$end
$mult
 1
$end
$sigma
 1
$end
$pressure
1.00000
$end
$scale
1.093
$end
$msrrho
$end
$freq
10.96
23.50
41.06
48.10
57.35
64.53
102.96
111.08
131.55
170.88
172.33
174.91
192.80
206.75
303.20
329.24
341.84
360.47
376.28
387.40
395.28
469.35
485.22
523.23
576.46
644.76
648.92
660.69
667.11
823.45
921.63
943.33
960.71
961.52
1001.59
1033.87
1040.95
1091.60
1099.20
1108.58
1116.46
1123.47
1136.36
1143.03
1165.98
1169.89
1176.72
1181.70
1184.76
1197.79
1205.57
1205.88
1217.35
1226.22
1254.69
1267.51
1278.09
1281.78
1327.55
1331.11
1339.99
1341.60
1347.85
1347.99
1348.15
1355.46
1358.33
1360.53
1363.08
1369.65
1403.38
1403.53
2619.79
2628.71
2629.15
2640.88
2654.03
2654.08
2662.92
2663.17
2663.41
2665.51
2673.96
2674.17
2756.74
2760.96
2763.95
2768.11
2850.39
2850.48
$end
