$molecule
 H  -0.48718455 0.26813027 0.67171020
 C  -0.07679566 0.02180091 1.67331430
 C   1.44959329 0.01399082 1.63192046
 C  -0.63734340 -1.31483837 2.14618297
 H  -0.42262591 0.83177690 2.34983606
 C   2.03121014 1.38566849 1.29619623
Cl   1.97312209 -1.13374488 0.32367017
 H   1.87930437 -0.39159255 2.57990508
 H  -1.73281684 -1.29226041 2.18656700
 H  -0.27647626 -1.57956727 3.14709154
 H  -0.35437626 -2.13408710 1.47034980
 C   3.55098540 1.41610131 1.44573588
 H   1.74305349 1.68558679 0.26466575
 H   1.56246711 2.15316020 1.95562546
 C   4.16997871 2.63540366 0.75506374
Cl   3.93226518 1.41131246 3.20691407
 H   4.01686469 0.47997472 1.03072209
 C   5.66565552 2.82171054 1.03559316
Cl   3.32258074 4.12732872 1.28714902
 H   3.98755171 2.54317313 -0.35190422
 C   6.26991074 4.03706410 0.32541854
Cl   6.49896280 1.33592727 0.47029880
 H   5.85037518 2.90359013 2.14385796
 C   7.77516546 4.20695557 0.57623331
Cl   6.04322763 3.86933164 -1.44756189
 H   5.72836481 4.97233125 0.63331094
 C   8.35958023 5.40541799 -0.14014452
Cl   7.97064775 4.48696908 2.35449083
 H   8.34364431 3.27565769 0.33239164
 H   9.39815987 5.59147056 0.17310015
 H   8.37796702 5.26198564 -1.23104142
 H   7.79842609 6.32843185 0.06011319
$end
$temperature
298.15
$end
$mult
 1
$end
$sigma
 1
$end
$pressure
1.00000
$end
$scale
1.093
$end
$msrrho
$end
$freq
21.38
30.09
36.29
47.40
59.41
63.66
78.73
85.11
121.97
135.51
154.16
169.55
172.48
182.84
184.35
197.57
242.01
290.95
308.79
312.55
350.91
380.74
401.44
407.13
460.14
474.40
506.52
586.95
643.73
658.10
701.52
729.10
755.21
787.60
822.84
854.03
954.30
971.12
977.25
1049.18
1058.86
1076.68
1098.13
1125.18
1132.79
1139.27
1142.66
1147.74
1155.77
1158.61
1169.12
1177.66
1183.93
1188.40
1197.23
1208.96
1210.85
1230.72
1237.77
1251.08
1255.89
1258.13
1266.13
1267.66
1269.47
1274.71
1283.64
1299.13
1308.83
1318.38
1322.83
1349.61
1349.81
1351.25
2621.00
2627.92
2639.21
2641.48
2650.21
2657.29
2660.31
2669.22
2680.94
2690.79
2691.53
2696.38
2728.19
2738.39
2783.85
2786.61
$end
