$molecule
 H  -0.35016686 0.48690485 0.10025921
 C  -0.25197860 0.22881425 1.18319872
 C   1.11563694 -0.35082847 1.45942766
 H  -0.42393934 1.15331392 1.78581714
 H  -1.04413083 -0.51733040 1.43842070
 C   1.35933978 -0.57247589 2.95060458
Cl   2.34663500 0.75403430 0.81553225
 H   1.25776083 -1.30915620 0.89394539
 C   2.74297955 -1.14965166 3.24200952
Cl   0.09693492 -1.61449678 3.61741996
 H   1.24666944 0.40676433 3.49220780
 C   3.04955619 -1.20503602 4.73930165
Cl   2.90138546 -2.76226149 2.53643055
 H   3.51766701 -0.52101899 2.72070607
 C   4.43535874 -1.77949735 5.02912677
Cl   2.88904882 0.40638330 5.44747290
 H   2.27448297 -1.83549134 5.25771023
 C   4.68208267 -1.98002612 6.52506748
Cl   5.69000989 -0.73915304 4.34540524
 H   4.54374650 -2.76478058 4.49581877
 C   6.06821775 -2.55119210 6.81646698
Cl   3.42803695 -3.02255390 7.20621122
 H   4.57274713 -0.99634840 7.06124467
 C   6.38768721 -2.58934668 8.30932047
Cl   6.23273327 -4.16955954 6.12515059
 H   6.84212908 -1.92799250 6.28956328
 C   7.76421846 -3.14740246 8.58572484
Cl   6.29008155 -0.94814966 8.97837571
 H   5.60740629 -3.17720557 8.86063074
 H   7.80113523 -4.23096999 8.31386174
 H   8.00890824 -3.05056670 9.67189507
 H   8.54203250 -2.60408573 7.99647020
$end
$temperature
298.15
$end
$mult
 1
$end
$sigma
 1
$end
$pressure
1.00000
$end
$scale
0.961
$end
$msrrho
$end
$freq
14.54
23.02
25.96
36.45
42.70
54.73
61.88
79.00
114.47
131.91
137.95
141.37
162.88
165.89
166.69
182.71
185.09
190.29
271.53
288.59
310.16
319.65
323.17
329.72
375.67
410.93
416.91
417.44
480.66
504.45
570.32
656.24
682.85
765.80
766.81
774.14
777.41
802.30
846.04
864.32
878.63
1006.37
1007.12
1065.30
1066.08
1118.43
1123.87
1128.05
1151.07
1152.97
1168.29
1168.98
1185.19
1202.11
1207.48
1219.01
1221.78
1226.85
1231.07
1231.64
1239.80
1242.08
1264.08
1272.58
1278.31
1289.12
1333.16
1358.86
1369.53
1370.72
1382.99
1383.09
1388.89
1388.91
1432.71
1432.72
2982.28
2982.92
2998.23
2998.33
2999.49
3000.23
3027.41
3027.42
3056.07
3056.11
3064.09
3064.11
3153.39
3153.40
$end
