$molecule
 H  -0.41250648 0.11207557 0.54887551
 C  -0.04862401 -0.02940064 1.58769863
 C   1.47140206 0.01540123 1.64249911
 C  -0.59196089 -1.33843021 2.15607366
 H  -0.46459565 0.82470977 2.16370772
 C   2.02612030 1.36867086 1.21616678
Cl   2.10917259 -1.20326658 0.48042851
 H   1.85667456 -0.31232441 2.63287750
 H  -1.68827312 -1.33413659 2.18192055
 H  -0.24059287 -1.51620049 3.17928908
 H  -0.28976414 -2.20373584 1.55129233
 C   3.52489520 1.47274735 1.46392862
 H   1.79920351 1.55905519 0.14252379
 H   1.47734930 2.17579984 1.75677746
 C   4.15808587 2.64862194 0.73301061
Cl   3.77491820 1.65540654 3.22322195
 H   4.05062264 0.51940554 1.19880938
 C   5.64099513 2.83800229 1.03429748
Cl   3.32541620 4.15027566 1.21417657
 H   3.96506276 2.54539079 -0.36714696
 C   6.26395650 4.05624091 0.36794719
Cl   6.46597581 1.36921542 0.45561141
 H   5.83165384 2.86962299 2.14156058
 C   7.78074293 4.15126951 0.50484230
Cl   5.91551242 4.00448645 -1.38132947
 H   5.77922498 4.99709069 0.73710517
 C   8.33709100 5.44522547 -0.04527568
Cl   8.13791164 4.12280715 2.26301460
 H   8.31280876 3.26610215 0.08422175
 H   9.40869097 5.55918811 0.18273565
 H   8.25074638 5.49450566 -1.14196256
 H   7.83052213 6.33373296 0.35799631
$end
$temperature
298.15
$end
$mult
 1
$end
$sigma
 1
$end
$pressure
1.00000
$end
$scale
1.093
$end
$msrrho
$end
$freq
13.70
26.41
32.71
41.00
55.73
58.22
73.10
80.27
122.93
133.90
154.83
158.92
164.06
176.49
179.89
184.37
226.61
259.23
288.16
297.05
325.64
352.78
374.75
393.70
443.56
448.49
495.48
570.89
625.62
650.51
693.37
719.67
739.16
779.77
818.38
873.08
968.06
975.68
990.36
1061.10
1069.50
1079.89
1089.37
1125.24
1134.43
1138.89
1147.32
1153.73
1159.97
1164.56
1172.94
1180.82
1191.24
1195.39
1198.27
1205.03
1209.37
1245.96
1276.46
1280.15
1282.49
1288.41
1292.17
1297.18
1297.73
1299.35
1308.37
1317.58
1324.64
1330.39
1339.80
1380.11
1398.16
1407.23
2621.90
2630.69
2641.21
2641.82
2648.18
2650.02
2656.07
2659.01
2671.06
2675.26
2677.11
2682.66
2725.38
2739.65
2775.90
2781.73
$end
