$molecule
 H  -0.41468820 -0.42209377 0.61190503
 C   0.07488615 0.20908898 1.39386177
 C   1.57424394 0.14666019 1.22689462
 H  -0.29040366 1.25865936 1.28220981
 H  -0.23132322 -0.16828002 2.39936321
 C   2.08557544 -1.26748589 1.42973366
Cl   2.35126088 1.25911796 2.37253693
 H   1.87059173 0.53036046 0.21545390
 C   3.53177924 -1.44705975 1.00506052
 H   1.43178096 -1.97036803 0.84601520
 H   1.99158057 -1.54682298 2.51408589
 C   4.06577207 -2.78767102 1.47597837
Cl   3.67186458 -1.30994693 -0.76120656
 H   4.16435267 -0.61206118 1.40592723
 C   5.56553229 -2.89329475 1.29691209
 H   3.55552213 -3.61833260 0.92059107
 H   3.81281015 -2.90652678 2.56471970
 C   6.09953521 -4.23385379 1.76796541
 H   5.81847992 -2.77451748 0.20815487
 H   6.07576958 -2.06257583 1.85222312
 C   7.54573112 -4.41345758 1.34329330
Cl   5.95942494 -4.37082936 3.53424917
 H   5.46697027 -5.06887435 1.36715212
 C   8.05711580 -5.82757015 1.54623007
 H   7.63973744 -4.13414733 0.25892317
 H   8.19948856 -3.71053945 1.92698644
 C   9.55646471 -5.88992539 1.37913456
Cl   7.28005927 -6.94012068 0.40071629
 H   7.76083718 -6.21121377 2.55771982
 H  10.04603801 -5.25871727 2.16107725
 H   9.86258722 -5.51252895 0.37361124
 H   9.92181629 -6.93947608 1.49077606
$end
$temperature
298.15
$end
$mult
 1
$end
$sigma
 1
$end
$pressure
1.00000
$end
$scale
0.961
$end
$msrrho
$end
$freq
13.23
20.75
31.23
37.65
51.83
70.37
95.28
105.28
135.37
172.36
173.29
175.08
198.38
217.04
316.18
337.56
341.83
367.32
382.93
396.89
398.57
476.01
516.22
547.88
611.21
700.05
703.21
716.03
724.93
834.36
953.84
970.79
1005.28
1007.11
1039.59
1060.44
1064.37
1119.65
1130.79
1131.30
1174.51
1195.07
1201.69
1203.95
1209.19
1216.41
1221.20
1222.32
1234.29
1239.87
1249.75
1253.66
1260.02
1284.50
1286.20
1296.62
1335.36
1337.68
1376.48
1384.21
1384.43
1389.42
1389.78
1390.73
1391.24
1395.11
1397.58
1425.12
1427.41
1433.98
1435.22
1442.05
3001.09
3007.12
3007.43
3019.69
3025.05
3026.46
3030.12
3032.07
3059.03
3059.05
3065.53
3065.55
3077.12
3083.10
3083.44
3094.44
3154.86
3154.89
$end
