$molecule
 H  -0.17430997 -0.21592102 0.22828737
 C   0.27144489 0.15605792 1.16019451
 C   1.77794891 0.10654117 1.09947711
 H  -0.08321095 1.18358331 1.31246463
 H  -0.12180786 -0.45467153 1.98389371
 C   2.29899942 -1.31265516 0.96714776
Cl   2.41291328 0.79480334 2.63191902
 H   2.16713090 0.74230493 0.26908423
 C   3.79957646 -1.34276101 0.73996123
 H   1.78419350 -1.82490505 0.12731842
 H   2.04665172 -1.89128079 1.87941829
 C   4.35019213 -2.75765832 0.77415275
Cl   4.14729728 -0.64191558 -0.86970546
 H   4.31907470 -0.71034580 1.50380192
 C   5.86612914 -2.78957216 0.67243106
Cl   3.66519283 -3.65315035 -0.61364797
 H   4.02870167 -3.27825905 1.70943998
 C   6.42466785 -4.20245974 0.69195486
Cl   6.54546274 -1.89781197 2.06351568
 H   6.20900526 -2.27704909 -0.26819393
 C   7.91566219 -4.22689852 0.39755723
Cl   6.16653354 -4.90516065 2.30989484
 H   5.87749644 -4.83747333 -0.05004849
 C   8.19980649 -3.80254177 -1.03254367
 H   8.31369323 -5.24438618 0.58463317
 H   8.44431212 -3.55512681 1.10651467
 C   9.68065314 -3.59215010 -1.28489806
Cl   7.62037358 -5.10200635 -2.12451762
 H   7.61713016 -2.87365008 -1.27791675
 C   9.93825527 -2.99353029 -2.65649693
 H  10.10392021 -2.93016627 -0.50172551
 H  10.21750005 -4.55821183 -1.19107705
 C  11.41972698 -2.92720798 -2.98052167
Cl   9.28817710 -1.31845433 -2.65776566
 H   9.38262036 -3.56133426 -3.44079038
 C  11.66204526 -2.45581612 -4.39632914
 H  11.87170707 -3.92856995 -2.83317540
 H  11.93009850 -2.25637614 -2.26074135
 H  11.22770585 -3.14383328 -5.13386694
 H  11.21828778 -1.46547582 -4.56909367
 H  12.73579789 -2.38025270 -4.60895471
$end
$temperature
298.15
$end
$mult
 1
$end
$sigma
 1
$end
$pressure
1.00000
$end
$scale
0.953
$end
$msrrho
$end
$freq
15.98
21.15
23.67
31.63
39.97
43.52
51.89
70.85
79.54
86.07
99.29
109.21
126.11
142.48
155.39
161.34
169.44
172.91
186.92
191.76
214.84
235.10
275.57
293.43
310.94
315.18
333.38
363.15
381.63
387.92
421.67
454.07
488.74
522.55
529.84
543.52
594.82
604.62
609.81
619.62
639.58
696.41
741.64
805.95
839.49
902.13
929.27
947.77
954.49
964.25
1016.86
1028.44
1052.78
1075.03
1085.00
1091.68
1101.60
1107.13
1115.23
1119.08
1124.73
1128.14
1132.65
1139.77
1143.60
1147.24
1153.07
1155.15
1162.38
1171.73
1184.07
1189.19
1197.78
1199.06
1202.09
1206.21
1210.14
1217.79
1237.70
1257.84
1297.90
1327.80
1356.68
1371.66
1376.66
1378.19
1385.01
1387.63
1392.61
1394.21
1400.47
1403.18
1406.52
1414.28
1415.60
1426.24
2818.67
2846.61
2872.35
2873.57
2893.40
2902.23
2906.30
2945.19
2947.63
2949.62
2953.92
3017.39
3022.43
3023.18
3030.40
3076.16
3081.59
3085.51
3085.57
3178.01
3178.46
$end
