$molecule
 C  -1.37723942 1.38947558 0.69556801
 H  -0.41188664 0.82555475 0.81820967
 C  -1.18710898 2.47171179 -0.35128791
 H  -2.17461766 2.91064574 -0.65035036
 H  -1.60522835 1.88109728 1.67946280
 C  -0.25567682 3.54965162 0.14753352
 H  -0.70454192 4.04508704 1.04335085
 H   0.73461363 3.11898481 0.43617349
 H  -0.09081811 4.32368202 -0.64048343
 C  -1.22842562 -1.60497329 1.29419302
 H  -0.43469127 -1.01695891 1.83004105
 H  -1.41300704 -2.53243856 1.90164577
 C  -2.51149485 -0.80103385 1.26213826
 H  -3.35367056 -1.46971655 0.93430611
 H  -2.73862092 -0.46631318 2.31028793
 C  -2.47885894 0.40866771 0.34573721
 H  -2.39081596 0.08264871 -0.72438572
 C  -0.68945808 -1.99756640 -0.06750556
 H  -0.59484494 -1.09587834 -0.72826187
 C   0.64579470 -2.71604062 0.03127045
 H   0.87928265 -3.19780933 -0.95626995
 H   0.56372852 -3.53733481 0.79257148
 C   1.79411429 -1.80577015 0.41648047
 H   2.67783726 -2.45052919 0.67414141
 H   1.53504311 -1.22107726 1.33803857
 C   2.18321217 -0.85477539 -0.69461614
 H   2.48867945 -1.44557987 -1.60034849
 H   1.29676541 -0.22922225 -0.98842694
 C   3.33116481 0.06826017 -0.33058705
 H   3.55868312 0.73103769 -1.20753186
 C   4.58038598 -0.68494199 0.08553283
 H   4.44847778 -1.10401354 1.11830971
 H   4.71268014 -1.55566074 -0.61232466
 C   5.81173875 0.18291230 0.04344076
 H   6.70655514 -0.40824436 0.35530465
 H   5.98816705 0.57143301 -0.98884497
 H   5.70550638 1.05463827 0.73377282
Cl  -0.53947268 1.77158046 -1.85368220
Cl  -4.06210395 1.21607956 0.42782929
Cl  -1.84738774 -3.05064017 -0.90810979
Cl   2.83497362 1.20437248 0.94568743
$end
$temperature
298.15
$end
$mult
 1
$end
$sigma
 1
$end
$pressure
1.00000
$end
$scale
0.961
$end
$msrrho
$end
$freq
14.32
18.07
24.75
38.45
41.60
61.87
73.74
77.40
94.34
119.26
138.48
155.50
163.96
173.25
175.71
224.96
258.92
278.06
296.61
320.66
330.81
336.38
355.94
385.98
397.44
419.15
464.96
489.06
507.06
551.79
660.44
703.84
705.18
730.69
767.09
811.71
863.99
879.12
905.38
975.72
976.76
992.21
1023.29
1041.94
1055.97
1062.85
1080.88
1102.44
1129.20
1133.98
1138.50
1154.54
1192.96
1197.05
1201.09
1205.08
1212.79
1217.66
1221.72
1223.24
1229.16
1241.40
1242.97
1248.82
1251.47
1258.60
1265.82
1276.01
1292.79
1318.10
1321.34
1327.79
1355.30
1357.51
1383.47
1388.94
1390.10
1391.73
1392.61
1394.34
1395.40
1399.35
1400.62
1402.31
1403.70
1407.80
1411.47
1425.65
1427.99
1429.65
1436.37
1438.04
1445.54
2997.60
2998.21
3001.99
3008.64
3009.61
3012.94
3020.49
3023.67
3024.77
3026.58
3029.53
3057.85
3060.77
3062.33
3062.81
3071.97
3078.85
3079.89
3083.13
3085.76
3087.89
3093.21
3152.29
3156.17
$end
