$molecule
 H  -0.76351777 -0.74445889 0.70576482
 C  -0.38563833 -0.05898204 1.50259890
 C   0.88573413 -0.61102252 2.09374217
 H  -1.17545910 0.04105530 2.28610710
 H  -0.21057749 0.94668390 1.04918354
 C   1.43017583 0.26123074 3.21128563
 H   0.68353390 -1.63394894 2.51307508
 H   1.66134318 -0.72680522 1.29141702
 C   2.54928355 -0.45223417 3.95062434
Cl   2.01345751 1.80728867 2.56325144
 H   0.60713165 0.54094021 3.92000992
 C   2.93861148 0.24914565 5.23862670
 H   2.21556095 -1.50184707 4.17671970
 H   3.44925701 -0.52559932 3.28325705
 C   4.26108209 -0.23467950 5.82884851
Cl   1.66537024 0.05335761 6.45376178
 H   2.99896396 1.36003698 5.07213648
 C   5.47159229 0.20694884 5.00474367
Cl   4.25834287 -1.99536845 5.99653311
 H   4.36241191 0.15676347 6.87905136
 C   6.79105119 -0.26828279 5.61440154
Cl   5.47470502 1.96285694 4.82059227
 H   5.38733941 -0.19960943 3.95984502
 C   7.98454076 0.01075634 4.69939091
Cl   7.04908807 0.48281364 7.19143826
 H   6.72481173 -1.37303918 5.81950830
 C   9.30889793 -0.44235723 5.30992390
Cl   7.73134009 -0.76589641 3.13061579
 H   8.03951396 1.11339333 4.47930312
 C  10.51776414 -0.04057456 4.46465507
Cl   9.30703397 -2.19406232 5.55368558
 H   9.41182577 0.00125869 6.33948951
 C  11.84088365 -0.45596255 5.10210699
Cl  10.49310419 1.69964826 4.16108452
 H  10.44903595 -0.51714082 3.44865333
 C  13.00202787 -0.24866140 4.15799490
Cl  12.12988823 0.39305373 6.62389541
 H  11.78061998 -1.54113563 5.38942589
 H  13.12777884 0.83078268 3.89947972
 H  13.94855401 -0.61224360 4.62727736
 H  12.82794800 -0.82424785 3.21578557
$end
$temperature
298.15
$end
$mult
 1
$end
$sigma
 1
$end
$pressure
1.00000
$end
$scale
0.961
$end
$msrrho
$end
$freq
8.25
14.99
22.12
24.99
29.67
32.86
48.03
55.42
59.86
75.59
83.12
109.34
120.49
135.05
138.41
158.79
168.21
168.73
173.95
180.18
181.65
188.06
192.08
206.74
242.35
259.58
321.48
328.74
334.42
347.37
369.13
387.57
449.63
464.24
478.03
494.67
518.02
553.20
595.96
650.36
678.90
711.41
729.77
768.68
791.50
797.12
824.01
834.72
861.04
863.70
878.31
986.15
1013.03
1013.79
1056.11
1085.63
1097.06
1117.10
1123.90
1130.13
1133.73
1155.64
1164.07
1166.84
1180.62
1191.24
1196.91
1199.92
1207.20
1214.37
1220.34
1226.36
1228.18
1236.99
1238.55
1242.08
1246.19
1252.47
1266.23
1274.24
1278.30
1281.51
1282.13
1311.64
1336.72
1347.06
1360.58
1369.66
1382.57
1389.00
1389.43
1391.39
1391.99
1397.52
1412.87
1425.29
1432.46
1438.29
2981.38
2986.67
2991.64
2993.86
2998.61
3005.27
3008.78
3009.37
3011.55
3011.61
3029.17
3058.57
3060.62
3062.16
3062.97
3082.06
3089.07
3153.37
3156.26
$end
