$molecule
 C  -1.25742720 1.52276057 0.78947417
 H  -0.32157109 1.02804195 1.13491736
 C  -0.95742082 2.50419287 -0.33089745
 H  -1.87512696 2.84840074 -0.85697660
 H  -1.60257171 2.08001935 1.68989900
 C  -0.08700394 3.65717093 0.11097251
 H  -0.60673740 4.28859578 0.84517451
 H   0.85121924 3.32412430 0.57891534
 H   0.19477979 4.30818440 -0.72943440
 C  -1.05455933 -1.56351252 1.30453222
 H  -0.20544242 -0.97682221 1.72040543
 H  -1.17426443 -2.42444617 1.99651854
 C  -2.33457457 -0.71682246 1.33830858
 H  -3.21308538 -1.35634057 1.09494274
 H  -2.51538290 -0.37251545 2.37821383
 C  -2.27380949 0.46841765 0.38528302
 H  -2.16585431 0.14129173 -0.67236271
 C  -0.68082336 -2.05034156 -0.08646501
 H  -0.60791877 -1.21527495 -0.81791579
 C   0.56411179 -2.92965954 -0.11668565
 H   0.66667642 -3.41590016 -1.11013064
 H   0.46714793 -3.76507918 0.60638188
 C   1.83638676 -2.12805489 0.19227851
 H   2.68805344 -2.82463947 0.31987113
 H   1.72965104 -1.62240698 1.17140001
 C   2.15273886 -1.11963736 -0.91890268
 H   2.60807715 -1.64762005 -1.78354697
 H   1.21097321 -0.69281922 -1.32514449
 C   3.07444937 0.00837791 -0.48347766
 H   3.18389408 0.76879064 -1.28872950
 C   4.42121494 -0.46149455 0.04354885
 H   4.30121611 -1.02011908 0.99468026
 H   4.85795677 -1.19240721 -0.66906455
 C   5.38740401 0.70400156 0.24322987
 H   6.37438368 0.35025229 0.56335175
 H   5.52812355 1.27989358 -0.67860652
 H   5.03107062 1.40079200 1.01325199
Cl  -0.03998231 1.60103811 -1.60864890
Cl  -3.89505613 1.25999742 0.42622405
Cl  -2.04057190 -3.05939922 -0.70180908
Cl   2.25748458 0.92186572 0.84942044
$end
$temperature
298.15
$end
$mult
 1
$end
$sigma
 1
$end
$pressure
1.00000
$end
$scale
1.093
$end
$msrrho
$end
$freq
15.66
32.60
41.53
46.77
58.73
71.54
77.41
80.23
93.63
124.23
134.42
143.34
162.21
163.83
180.59
218.29
244.72
266.03
282.51
297.98
309.80
312.33
335.57
355.18
381.07
402.04
429.21
467.09
478.71
506.16
587.00
633.31
653.52
695.65
723.75
808.57
864.26
872.52
896.49
930.94
956.89
964.67
988.55
1017.07
1022.19
1054.73
1063.71
1083.95
1092.29
1118.75
1128.25
1130.34
1142.60
1146.39
1150.70
1152.47
1164.52
1186.09
1188.12
1191.51
1199.77
1203.88
1209.49
1218.01
1219.97
1228.78
1236.35
1244.40
1251.76
1272.28
1279.10
1282.27
1283.61
1287.66
1294.04
1295.12
1299.01
1300.09
1306.52
1308.72
1311.81
1318.28
1322.17
1328.83
1341.33
1348.35
1350.19
1362.15
1381.43
1387.65
1392.65
1399.15
1407.13
2637.72
2638.46
2641.61
2650.61
2651.89
2654.28
2659.95
2663.27
2668.89
2669.68
2672.59
2673.09
2676.34
2680.53
2683.69
2730.83
2731.55
2733.10
2736.53
2739.83
2741.20
2747.07
2780.15
2782.36
$end
