$molecule
 C  -1.75480310 1.35595411 0.70017059
 H  -0.98413357 0.76808696 1.25781450
 C  -1.20109574 2.69540777 0.25791189
 H  -1.94431489 3.23087335 -0.37939634
 H  -2.58768733 1.51788879 1.41616482
 C  -0.76113094 3.54522136 1.42297310
 H  -0.01125796 3.03189348 2.03984559
 H  -0.31732446 4.48838560 1.07911551
 H  -1.61143859 3.79357305 2.07172972
 C  -1.52085485 -1.66716175 0.54695421
 H  -1.11045137 -1.09186094 1.41133818
 H  -1.89966686 -2.62426392 0.95635365
 C  -2.66587587 -0.87977197 -0.06800274
 H  -3.07586683 -1.41815267 -0.95676932
 C  -2.23947215 0.52211094 -0.47170232
 H  -1.41999179 0.43600868 -1.23532235
 C  -0.41020002 -1.91469733 -0.45711532
 H  -0.14627991 -0.94794359 -0.97474061
 C   0.82671728 -2.54770108 0.16302700
 H   1.29459381 -3.23036954 -0.57731598
 H   0.53728957 -3.18871205 1.02041585
 C   1.88019642 -1.55083422 0.61561427
 H   2.78363356 -2.09750776 0.98061246
 C   2.27397898 -0.56471373 -0.46815521
 H   2.53807257 -1.11948364 -1.39186603
 H   1.38709004 0.06182535 -0.73430705
 C   3.43796304 0.31264297 -0.04643916
 H   3.26680949 0.72927100 0.97497263
 C   3.70462498 1.42313261 -1.04549824
 H   3.97349090 0.98731270 -2.02820938
 H   2.76480586 1.99230668 -1.21069028
 C   4.79564843 2.35527135 -0.57055843
 H   4.52009431 2.85968263 0.36514570
 H   5.73402035 1.81328766 -0.38830066
 H   5.00100784 3.13377663 -1.31595281
Cl   0.24425896 2.40346557 -0.78022838
Cl  -3.63723643 1.32594700 -1.22850474
Cl  -1.03494943 -3.03517536 -1.70922888
Cl   4.90014112 -0.72922650 0.04813850
Cl   1.24832369 -0.62529719 2.02297721
Cl  -3.97141366 -0.76989426 1.14233458
$end
$temperature
298.15
$end
$mult
 1
$end
$sigma
 1
$end
$pressure
1.00000
$end
$scale
0.953
$end
$msrrho
$end
$freq
20.46
31.66
36.34
41.42
60.88
64.81
70.59
84.27
87.63
109.07
116.05
127.29
138.33
152.60
162.57
167.20
189.40
194.92
207.44
230.32
290.74
309.95
322.84
333.85
337.90
353.60
369.06
387.59
409.07
464.63
470.63
475.17
511.96
556.62
568.12
600.87
602.52
623.95
681.86
718.13
752.15
843.05
887.38
928.97
944.73
950.62
953.70
966.28
1005.32
1019.97
1035.41
1039.74
1072.00
1080.05
1100.27
1103.66
1107.75
1124.28
1127.19
1130.30
1137.29
1141.02
1144.97
1149.52
1155.16
1159.46
1163.32
1174.05
1183.77
1190.80
1191.91
1197.36
1205.53
1218.20
1229.06
1245.67
1251.96
1263.80
1307.55
1334.22
1353.48
1374.63
1377.00
1378.27
1379.90
1385.58
1386.23
1392.70
1398.81
1400.04
1402.97
1406.23
1409.75
1417.81
1426.43
2780.06
2835.94
2876.84
2887.29
2896.73
2898.55
2902.61
2905.88
2909.17
2943.15
2943.88
2990.33
2998.63
3010.48
3021.20
3022.29
3076.12
3081.04
3085.56
3085.59
3177.94
3177.99
$end
