$molecule
 H   0.49396430 -0.02447998 4.12916831
 C   1.47887640 0.37619909 4.41343248
 C   2.27345372 0.80313135 3.20896591
 H   1.99244411 -0.40300025 4.99957380
 H   1.30116618 1.21923398 5.09791987
 C   2.58921797 -0.33719090 2.27172488
Cl   3.88864585 1.45293065 3.84894596
 H   1.81657215 1.66120408 2.65947099
 C   3.55539136 0.04548884 1.17695593
Cl   3.46414472 -1.65189385 3.22241804
 H   1.65693978 -0.81360500 1.87717871
 C   3.88571467 -1.10096557 0.25519966
Cl   2.65107324 1.32247508 0.19211280
 H   4.48392417 0.54771375 1.56143225
 C   4.65402198 -0.66444938 -0.96862136
Cl   2.29998597 -1.77555661 -0.41132117
 H   4.37365789 -1.94594655 0.81123950
 C   4.98121493 -1.81208854 -1.89550405
Cl   6.23708508 0.00750933 -0.30749405
 H   4.15889651 0.18175094 -1.51749386
 C   5.93068380 -1.40871659 -2.99707898
Cl   5.87373632 -3.08204410 -0.90028764
 H   4.04554014 -2.30874924 -2.26798943
 C   6.27311561 -2.45567135 -4.03200526
Cl   4.98677954 -0.11066526 -3.92358464
 H   6.85472556 -0.90052745 -2.60818833
 C   7.46525727 -3.31307125 -3.67315914
Cl   4.87467039 -3.65136533 -4.18911921
 H   6.38278390 -1.98972818 -5.04840233
 C   7.80242967 -4.32134833 -4.74466537
Cl   8.87207801 -2.12562147 -3.55097914
 H   7.38585540 -3.80646416 -2.66721471
 C   9.10810922 -5.03686881 -4.49595627
Cl   8.05802222 -3.40588322 -6.32870463
 H   6.94723565 -5.01885928 -4.92815546
 C   9.43663539 -6.06225985 -5.54501355
Cl   8.78118330 -5.97886278 -2.91731686
 H   9.95328657 -4.34784358 -4.26560005
 H   9.61782420 -5.58914966 -6.52397367
 H  10.34298629 -6.62925605 -5.28413137
 H   8.63326838 -6.80118719 -5.68411839
$end
$temperature
298.15
$end
$mult
 1
$end
$sigma
 1
$end
$pressure
1.00000
$end
$scale
1.0
$end
$msrrho
$end
$freq
9.83
21.81
25.92
27.47
42.63
46.36
49.95
57.84
66.55
69.61
74.75
94.80
109.13
116.89
126.14
127.88
145.16
151.58
156.09
162.93
168.25
170.00
174.94
183.06
188.00
194.78
241.56
245.90
262.40
270.25
278.84
283.62
293.20
317.23
344.86
376.44
382.05
418.18
425.14
445.44
470.53
503.42
542.80
565.92
574.58
599.96
613.20
627.17
636.78
661.59
669.83
688.14
704.45
730.56
756.39
771.09
974.66
976.12
1022.38
1024.76
1059.07
1089.91
1099.23
1106.28
1114.35
1116.71
1121.79
1123.74
1135.58
1139.63
1153.16
1157.28
1160.35
1162.58
1172.57
1176.21
1184.44
1192.64
1204.63
1210.21
1216.66
1220.05
1231.91
1236.06
1241.83
1250.21
1256.00
1263.99
1265.03
1265.10
1281.21
1283.91
1286.10
1319.70
1333.29
1340.94
1353.62
1373.67
1382.22
1390.27
2860.52
2865.07
2866.48
2869.89
2876.06
2876.26
2879.87
2912.12
2912.35
2927.50
2942.44
3010.52
3011.77
3020.33
3021.50
3072.86
3074.27
$end
