$molecule
 H   0.07302884 -0.36296586 0.21600039
 C   0.52399635 0.24931301 1.00629482
 C   1.23747934 -0.62087700 2.03830923
 H  -0.27859279 0.84421554 1.45729145
 H   1.21310994 0.94857245 0.51405591
 C   1.78675593 0.21113494 3.18686417
 H   0.53023968 -1.37978678 2.43589952
 H   2.04600205 -1.20250094 1.54778971
 C   2.38663898 -0.64467719 4.29341076
Cl   3.13041331 1.22829865 2.54930279
 H   1.03638525 0.93583827 3.56988010
 C   2.78442957 0.19861524 5.49849173
 H   1.66328606 -1.44313172 4.58433582
 H   3.24868469 -1.22799193 3.89746504
 C   4.12646461 -0.17079725 6.11723248
Cl   1.53219881 -0.00305278 6.75806974
 H   2.75434084 1.29574200 5.27411031
 C   5.28596932 0.18268717 5.18912431
Cl   4.15894597 -1.92920311 6.40200522
 H   4.24583870 0.29209883 7.13155050
 C   6.64086515 -0.33830084 5.64756299
Cl   5.33890760 1.96039462 5.10850697
 H   5.07560821 -0.15419200 4.13934001
 C   7.79657893 0.12952726 4.76716775
Cl   6.95755406 0.24394718 7.29773541
 H   6.61834750 -1.45845390 5.72669973
 C   9.16355957 -0.34794684 5.23747520
Cl   7.48318640 -0.50941097 3.13296175
 H   7.79997065 1.24771213 4.65399915
 C  10.30094444 -0.03574114 4.27030352
Cl   9.12885643 -2.12063723 5.42724478
 H   9.38033906 0.05663584 6.26335018
 C  11.67579155 -0.44646669 4.78407067
Cl  10.27978139 1.72212688 3.98560205
 H  10.13343613 -0.49622708 3.26252503
 C  12.79403531 -0.08767753 3.83030331
Cl  11.99333695 0.37183180 6.34221215
 H  11.70087790 -1.53682698 5.02899382
 H  12.92221606 0.99941812 3.70548803
 H  13.76456969 -0.47275978 4.17913400
 H  12.62435357 -0.50604432 2.82825755
$end
$temperature
298.15
$end
$mult
 1
$end
$sigma
 1
$end
$pressure
1.00000
$end
$scale
1.093
$end
$msrrho
$end
$freq
7.52
18.76
24.66
27.27
36.54
40.29
50.54
54.16
62.03
70.49
75.56
105.32
123.18
127.62
137.59
151.12
156.70
161.23
164.88
172.77
175.23
179.62
190.75
203.62
226.87
248.51
293.44
297.67
303.92
331.50
348.96
350.90
419.14
435.39
443.88
455.77
476.19
511.82
550.18
605.91
632.49
646.13
683.08
726.07
753.03
760.78
780.50
785.93
812.65
832.28
872.29
965.85
978.17
991.28
1029.50
1060.33
1060.89
1068.33
1089.28
1110.97
1129.63
1133.62
1140.43
1147.90
1152.14
1155.39
1159.38
1162.00
1173.59
1175.33
1182.59
1191.04
1192.18
1194.63
1202.00
1205.23
1207.13
1221.57
1254.42
1273.92
1275.61
1281.78
1282.37
1293.09
1293.49
1298.03
1299.28
1300.46
1313.20
1315.45
1317.48
1326.25
1335.01
1339.05
1342.24
1383.79
1398.14
1407.22
2616.89
2623.02
2626.17
2626.63
2635.97
2639.88
2646.70
2647.41
2649.38
2650.65
2667.36
2668.50
2673.05
2675.66
2683.33
2723.97
2739.08
2776.28
2781.86
$end
