$molecule
 C  -2.28225340 1.17793574 -0.75441258
 H  -2.25762571 1.00053018 -1.84907934
 C  -3.22808094 0.19148665 -0.09361459
 H  -3.04597965 0.15422690 1.00748226
 H  -2.67109069 2.20878176 -0.62298119
 C  -4.67496236 0.49235412 -0.39624483
 H  -4.97418743 1.46123803 0.02490417
 H  -4.86405197 0.52700810 -1.47745926
 H  -5.33491077 -0.27402941 0.03031527
 C   1.47223142 2.08469244 -0.37704925
 H   2.07532168 2.75544245 -1.02223043
 H   1.36225248 2.61498197 0.59129778
 C   0.10919287 1.88621147 -1.02066433
 H  -0.32154891 2.87820141 -1.26108855
 H   0.24453063 1.35511790 -1.99128399
 C  -0.87525144 1.08412494 -0.18772067
 H  -0.54935440 0.00778145 -0.12213257
 C   2.23582792 0.79177102 -0.14688030
 H   1.76481256 0.19021546 0.67573318
 C   2.37629905 -0.06093894 -1.39475619
 H   3.09717081 0.40944736 -2.09312911
 H   1.40082028 -0.06222413 -1.93472497
 C   2.82014607 -1.48244931 -1.08532970
 H   3.86647778 -1.45650073 -0.71837156
 H   2.84051905 -2.06652199 -2.02649759
 C   1.96113522 -2.19664533 -0.05488552
 H   2.45017332 -3.15007155 0.22632950
 H   1.90775089 -1.59342035 0.88699779
 C   0.54049630 -2.47013829 -0.52077919
 H   0.02655229 -1.51226046 -0.77575915
 H   0.55099100 -3.06747166 -1.45246277
 C  -0.26330853 -3.18732823 0.55492821
 H  -1.25390669 -3.47034701 0.14455016
 H   0.23617659 -4.13660920 0.83079182
 C  -0.45030025 -2.31742643 1.77990200
 H  -0.82033061 -2.89360487 2.63583976
 H   0.50305232 -1.84467005 2.07255321
 H  -1.17088559 -1.50720000 1.58896810
Cl  -2.86520952 -1.44546474 -0.73943044
Cl  -0.92177670 1.73131727 1.48360387
Cl   3.87913264 1.23938861 0.41625451
$end
$temperature
298.15
$end
$mult
 1
$end
$sigma
 1
$end
$pressure
1.00000
$end
$scale
0.953
$end
$msrrho
$end
$freq
23.31
32.73
41.55
50.46
57.73
76.35
92.02
117.70
136.00
146.87
170.20
190.00
208.00
223.18
248.24
269.28
301.54
306.81
331.66
349.01
352.13
368.02
378.41
428.11
458.57
476.59
503.82
540.16
559.28
606.58
629.15
676.30
796.92
835.34
848.39
849.71
913.85
946.12
949.64
956.98
971.82
977.16
987.98
1015.65
1025.50
1033.64
1067.41
1076.94
1088.41
1098.50
1110.77
1125.27
1125.88
1129.71
1133.38
1137.43
1148.01
1151.94
1158.06
1163.09
1174.74
1180.26
1186.63
1192.50
1196.96
1204.98
1207.55
1220.18
1253.38
1256.82
1271.63
1315.81
1322.84
1333.82
1360.82
1374.86
1380.67
1384.07
1390.46
1394.20
1395.89
1399.63
1400.85
1403.47
1405.80
1409.79
1415.82
1417.81
1419.28
1424.08
1429.20
1457.74
2841.97
2846.39
2875.51
2899.04
2903.25
2922.15
2935.15
2948.66
2949.13
2952.99
2953.71
3004.29
3004.63
3014.03
3022.39
3023.28
3024.90
3028.19
3029.74
3032.43
3070.10
3081.74
3085.20
3157.68
3178.44
$end
