$molecule
 H  -4.55181358 1.64650232 4.29389183
 C  -3.61479223 1.57794916 4.86725081
 C  -2.41556605 1.93913538 4.01058040
 H  -3.56045540 0.54970522 5.25277229
 H  -3.71728545 2.24826087 5.73141811
 C  -1.09831014 1.77795220 4.77893905
Cl  -2.43566013 0.85699378 2.56454826
 H  -2.51578392 2.97911993 3.60719714
 C  -0.53719890 0.36004998 4.78253222
Cl   0.14229726 2.87102120 4.05033312
 H  -1.24082071 2.15322128 5.82745746
 C   0.54948206 0.18364195 5.83860450
 H  -1.37112645 -0.36497990 4.94337823
 H  -0.13431405 0.09475511 3.77693902
 C   1.39679627 -1.08353993 5.66576909
Cl  -0.24667859 0.11370518 7.45794939
 H   1.21266105 1.09022447 5.88463138
 C   2.47478838 -0.92874834 4.58014031
Cl   0.34150144 -2.44930830 5.16838606
 H   1.86358852 -1.37593155 6.64640008
 C   3.32309060 -2.19157241 4.38489006
Cl   3.56402932 0.40386883 5.08165965
 H   1.99944751 -0.61806326 3.61055029
 C   4.35661280 -2.05088297 3.25766276
Cl   4.22091148 -2.50495149 5.90439218
 H   2.66431538 -3.08463490 4.19894805
 C   5.20669512 -3.31066568 3.05983739
Cl   3.45367598 -1.73396291 1.73838579
 H   5.01795421 -1.15893788 3.44152486
 C   6.26922670 -3.15728187 1.96390727
Cl   4.11847951 -4.65245988 2.56851069
 H   5.69104025 -3.61515354 4.02958338
 C   7.11955566 -4.41630927 1.75279767
Cl   7.34549619 -1.80470302 2.43938726
 H   5.79579938 -2.86729166 0.98771503
 C   8.15060391 -4.24384755 0.65676059
Cl   7.98888478 -4.80490874 3.28363205
 H   6.46517097 -5.30039734 1.53894342
 H   8.73153620 -5.16629027 0.50788303
 H   7.68933097 -3.98867033 -0.30623532
 H   8.88306742 -3.45428277 0.88844157
$end
$temperature
298.15
$end
$mult
 1
$end
$sigma
 1
$end
$pressure
1.00000
$end
$scale
1.093
$end
$msrrho
$end
$freq
10.12
16.31
19.20
28.87
33.55
38.30
42.20
47.92
53.03
62.45
84.99
90.10
119.69
121.31
128.82
143.48
158.14
161.20
168.11
170.23
173.02
173.91
182.02
198.08
218.34
255.90
267.79
298.24
313.85
318.25
326.81
362.71
398.73
413.73
437.78
456.70
466.80
487.39
511.13
553.46
563.31
610.92
636.90
696.50
704.75
722.35
745.88
766.07
770.38
792.40
796.24
820.05
836.79
957.77
968.52
992.03
1024.64
1034.57
1051.25
1074.31
1080.50
1095.72
1118.91
1129.02
1131.28
1134.49
1141.75
1146.28
1150.13
1158.47
1163.83
1166.77
1173.79
1179.45
1185.49
1194.05
1198.78
1203.95
1208.03
1209.85
1232.93
1238.72
1240.24
1242.94
1250.07
1253.96
1258.46
1263.39
1267.64
1279.14
1288.14
1289.92
1292.90
1309.98
1313.37
1323.28
1336.17
1344.66
1351.59
2620.75
2624.85
2627.84
2629.62
2635.65
2639.15
2644.62
2649.28
2650.39
2651.64
2655.43
2682.90
2685.26
2688.82
2689.07
2721.62
2785.01
2785.22
$end
