$molecule
 H   0.45644430 0.19027588 3.91063713
 C   1.42228179 0.47222759 4.39749846
 C   2.44037235 0.82650886 3.33896416
 H   1.76970549 -0.38406356 5.02504753
 H   1.24120219 1.34935064 5.06545565
 C   2.65702478 -0.32468891 2.36055036
Cl   3.95365100 1.33986378 4.09188930
 H   2.08791551 1.72785627 2.76698514
 C   3.50892129 0.08136601 1.15782292
Cl   3.38770320 -1.70853159 3.18059199
 H   1.65151979 -0.68715473 2.01166035
 C   3.76406940 -1.07794978 0.19671235
Cl   2.73814309 1.42728944 0.30784762
 H   4.49526210 0.48461834 1.52075703
 C   4.73206792 -0.70318771 -0.92672396
Cl   2.24109522 -1.65637999 -0.48940010
 H   4.17974709 -1.94966456 0.77510186
 C   4.99226628 -1.87074929 -1.88170505
Cl   6.24965495 -0.11196387 -0.24296756
 H   4.31265082 0.16276099 -1.51067976
 C   5.79243893 -1.42752235 -3.10590081
Cl   5.79820463 -3.18792200 -1.03014088
 H   4.00366718 -2.29696314 -2.21234972
 C   6.18287651 -2.51710185 -4.10653159
Cl   4.84302920 -0.21332393 -3.98540131
 H   6.72118134 -0.88482472 -2.77459019
 C   7.52053706 -3.18521131 -3.78172370
Cl   4.90699339 -3.72602043 -4.27005618
 H   6.26084041 -2.05342024 -5.13194277
 C   7.89741597 -4.25972601 -4.80019500
Cl   8.79052759 -1.95899277 -3.68227542
 H   7.48106637 -3.65286657 -2.75889973
 C   9.13972775 -5.04727402 -4.38921171
Cl   8.13775352 -3.54724838 -6.39992786
 H   7.03463933 -4.97052679 -4.92355354
 C   9.51389992 -6.10021459 -5.40599413
Cl   8.84758020 -5.83705211 -2.82659504
 H  10.00132938 -4.35182094 -4.20930604
 H   9.86294952 -5.61488176 -6.35050469
 H  10.34328354 -6.73836779 -5.01361368
 H   8.64164008 -6.75652503 -5.64217338
$end
$temperature
298.15
$end
$mult
 1
$end
$sigma
 1
$end
$pressure
1.00000
$end
$scale
0.961
$end
$msrrho
$end
$freq
9.08
13.94
17.62
20.54
28.15
32.67
39.38
48.87
56.90
58.81
77.73
96.10
112.53
122.63
138.07
138.38
149.39
160.25
165.01
170.76
177.75
177.96
185.14
189.19
193.04
199.57
257.53
282.51
309.97
322.89
328.01
333.00
343.03
353.89
399.42
416.97
422.91
476.81
487.31
504.74
533.88
574.79
626.37
658.56
691.99
729.85
768.69
770.76
776.86
794.40
831.82
834.23
852.96
865.44
871.47
882.44
1008.35
1013.81
1056.12
1066.02
1089.27
1118.69
1120.98
1129.33
1133.89
1138.98
1155.16
1158.19
1166.55
1179.13
1180.29
1193.06
1199.44
1207.51
1212.55
1216.38
1224.98
1227.60
1231.73
1235.14
1239.29
1245.42
1256.40
1263.36
1269.45
1276.11
1279.42
1289.92
1311.50
1340.86
1353.77
1364.90
1368.36
1369.80
1382.50
1382.97
1388.94
1389.42
1432.39
1432.70
2971.27
2978.25
2981.96
2987.13
2989.21
2995.27
2998.52
2999.20
3005.08
3011.49
3027.25
3055.79
3058.59
3062.26
3064.10
3153.28
3153.47
$end
