$molecule
 C  -2.30617712 1.27040860 -0.69069060
 H  -2.32606508 1.29048299 -1.80346713
 C  -3.19262198 0.14858159 -0.16778764
 H  -3.02245004 -0.06656007 0.91060772
 H  -2.73732200 2.25251154 -0.39155289
 C  -4.65723384 0.37029611 -0.47167575
 H  -5.04580264 1.25008356 0.06069589
 H  -4.84719932 0.52630181 -1.54268897
 H  -5.27573525 -0.48577092 -0.16166353
 C   1.49859395 2.11269914 -0.37813966
 H   2.14435148 2.70589858 -1.05993483
 H   1.51726900 2.66932700 0.58586954
 C   0.06842878 2.09737976 -0.93556507
 H  -0.33221536 3.13373854 -0.91113840
 H   0.09281789 1.81894354 -2.01132373
 C  -0.86917618 1.14909655 -0.20359429
 H  -0.50112629 0.09541064 -0.23825382
 C   2.07792519 0.71830043 -0.17658568
 H   1.54088367 0.15845345 0.62135228
 C   2.21152194 -0.09066217 -1.45532368
 H   2.85351718 0.44214678 -2.18719969
 H   1.21852236 -0.17015429 -1.94532122
 C   2.77530414 -1.50124106 -1.22473765
 H   3.85511986 -1.43466257 -0.98019742
 H   2.72255142 -2.06699744 -2.17565132
 C   2.06252667 -2.29081582 -0.11990627
 H   2.56189308 -3.27180936 0.00539127
 H   2.18851080 -1.78229754 0.85536186
 C   0.57466983 -2.50875802 -0.41902699
 H   0.09858488 -1.56018107 -0.72593738
 H   0.46296194 -3.18413483 -1.28834914
 C  -0.16477395 -3.09470135 0.79198345
 H  -1.12054072 -3.54387804 0.45717050
 H   0.42207639 -3.92716014 1.22367828
 C  -0.44657656 -2.04253727 1.86526900
 H  -0.83662311 -2.50492410 2.77918752
 H   0.45742532 -1.48812203 2.14117049
 H  -1.19133831 -1.31539171 1.52968613
Cl  -2.69245526 -1.36571810 -1.01349420
Cl  -0.85659034 1.56798239 1.54328159
Cl   3.73192319 0.95168212 0.50171880
$end
$temperature
298.15
$end
$mult
 1
$end
$sigma
 1
$end
$pressure
1.00000
$end
$scale
1.093
$end
$msrrho
$end
$freq
29.34
35.49
47.41
55.90
64.24
71.15
81.22
91.40
118.72
140.71
149.55
167.61
172.06
181.28
189.50
227.07
254.87
287.35
314.05
321.57
325.31
352.03
362.65
395.06
437.28
449.75
472.27
528.34
542.66
645.42
665.55
705.20
795.49
842.06
848.14
864.10
936.93
960.70
964.29
976.18
992.35
1002.39
1005.93
1042.52
1063.00
1066.64
1096.48
1122.73
1132.63
1133.82
1141.99
1143.57
1155.80
1170.40
1171.15
1179.82
1188.26
1194.92
1202.98
1207.02
1210.61
1216.89
1224.22
1234.48
1242.32
1244.22
1250.37
1278.80
1283.39
1286.38
1288.59
1294.76
1301.60
1305.56
1310.82
1314.75
1316.77
1319.66
1320.97
1324.78
1327.11
1331.40
1333.81
1338.02
1345.06
1361.97
1366.03
1379.87
1395.36
1399.59
1401.00
1407.25
2611.74
2640.38
2644.19
2647.60
2650.62
2658.83
2659.96
2661.39
2664.44
2666.67
2670.72
2676.02
2677.94
2680.24
2690.37
2730.40
2733.47
2734.23
2736.08
2737.89
2741.10
2745.04
2751.16
2778.55
2785.59
$end
