$molecule
 H  -4.50071181 1.61106744 4.19945102
 C  -3.57442489 1.55377300 4.79099600
 C  -2.36091679 1.90846239 3.95154127
 H  -3.52086053 0.53011566 5.18897138
 H  -3.69394962 2.23403496 5.64496973
 C  -1.06098164 1.75748169 4.75004330
Cl  -2.35198078 0.80526193 2.52090557
 H  -2.45377184 2.94364572 3.53475224
 C  -0.51713844 0.33446508 4.80153003
Cl   0.20949736 2.81308851 4.01861930
 H  -1.22146032 2.15930825 5.78634219
 C   0.54818032 0.18083696 5.88208794
 H  -1.35985686 -0.37901102 4.96531846
 H  -0.09784591 0.03733749 3.81157584
 C   1.40934190 -1.07882464 5.72690915
Cl  -0.27686219 0.11993120 7.48514404
 H   1.20349834 1.09321404 5.93192406
 C   2.45725024 -0.92736347 4.61143835
Cl   0.36345844 -2.46908805 5.28119384
 H   1.90119902 -1.33716052 6.70392697
 C   3.30485703 -2.18734904 4.39845148
Cl   3.53786032 0.42897430 5.06426829
 H   1.94759944 -0.63483933 3.65234073
 C   4.35164906 -2.02502837 3.28629945
Cl   4.18224444 -2.55807720 5.91621833
 H   2.63874854 -3.06741772 4.17707179
 C   5.20224733 -3.28207856 3.07126855
Cl   3.46653131 -1.64886821 1.77053985
 H   5.02017047 -1.14585367 3.50521045
 C   6.23097593 -3.13210837 1.94313044
Cl   4.12348924 -4.64881215 2.63242845
 H   5.71982319 -3.56348088 4.03138290
 C   7.08103115 -4.38813604 1.71151901
Cl   7.29511833 -1.75082218 2.36115115
 H   5.72319138 -2.86526275 0.97649985
 C   8.15267853 -4.17689704 0.66185867
Cl   7.89375606 -4.88178957 3.24385318
 H   6.41958176 -5.24820125 1.42789808
 H   8.68592612 -5.11405641 0.44512129
 H   7.73554496 -3.80512890 -0.28290976
 H   8.91990711 -3.45492675 0.98482594
$end
$temperature
298.15
$end
$mult
 1
$end
$sigma
 1
$end
$pressure
1.00000
$end
$scale
1.093
$end
$msrrho
$end
$freq
8.95
16.70
19.67
29.73
33.96
40.94
43.90
48.59
53.08
65.96
86.73
91.88
118.07
120.57
130.61
146.36
159.52
163.36
168.45
176.78
179.18
182.20
186.34
212.46
223.57
271.93
274.22
303.04
315.30
319.53
327.36
370.32
406.40
415.90
440.77
459.55
467.44
488.45
513.94
557.42
567.18
615.11
641.84
691.77
706.04
724.68
743.36
766.77
770.89
792.63
793.83
818.14
835.18
961.83
972.65
996.12
1028.30
1039.13
1053.62
1075.86
1081.63
1098.05
1121.86
1132.64
1135.59
1139.14
1142.15
1148.20
1155.57
1160.61
1167.69
1170.42
1174.19
1181.71
1189.11
1198.99
1201.97
1206.06
1211.49
1214.16
1239.66
1240.55
1243.05
1246.11
1254.96
1260.99
1268.91
1270.79
1274.03
1279.73
1294.13
1299.32
1304.53
1320.78
1323.39
1337.86
1340.04
1348.81
1362.74
2617.46
2621.78
2625.13
2626.29
2633.39
2636.55
2643.46
2644.55
2648.34
2648.98
2654.39
2681.91
2685.17
2688.44
2689.79
2719.90
2783.74
2783.87
$end
