$molecule
 H  -0.96151955 -0.72621914 0.77503699
 C  -0.48101995 -0.05410449 1.49608593
 C   0.66954337 -0.75052091 2.21401839
 H  -1.25568431 0.28583382 2.19346786
 H  -0.13643911 0.82688008 0.93661683
 C   1.34864194 0.16816275 3.22722207
 H   0.29078768 -1.65613222 2.73376957
 H   1.40771486 -1.11699342 1.47012434
 C   2.40886941 -0.55379817 4.05764475
Cl   2.18732684 1.49483962 2.31230471
 H   0.59839457 0.67866650 3.87818434
 C   2.92988791 0.31155612 5.20113327
 H   1.97770329 -1.50314122 4.45398407
 H   3.25185529 -0.87744578 3.40792494
 C   4.24383489 -0.18386401 5.82021828
Cl   1.67281876 0.34528217 6.49649995
 H   3.03417622 1.38356155 4.87792580
 C   5.47456009 0.23288774 4.99799506
Cl   4.23821363 -1.98053863 5.88882513
 H   4.33797750 0.17770782 6.88100675
 C   6.79740580 -0.28063283 5.58036323
Cl   5.53224920 2.02442296 4.98036702
 H   5.35433636 -0.10269102 3.93298550
 C   8.01363695 0.08772300 4.71797712
Cl   7.03010009 0.47053618 7.19089182
 H   6.75548648 -1.39387626 5.73701581
 C   9.33858241 -0.42021461 5.29661827
Cl   7.77603699 -0.66695046 3.10521119
 H   8.05824386 1.20096313 4.55821637
 C  10.55928668 -0.01354110 4.46113765
Cl   9.28586048 -2.21542391 5.33127874
 H   9.46297718 -0.07194887 6.36014669
 C  11.88951721 -0.52384613 5.02945406
Cl  10.60325782 1.77757136 4.40358081
 H  10.45319961 -0.36960450 3.40141010
 C  13.07690197 -0.12064549 4.17992642
Cl  12.12570626 0.15744755 6.68166780
 H  11.86001396 -1.63654975 5.15799198
 H  13.20361893 0.97233837 4.12551147
 H  14.01583595 -0.51731575 4.59418641
 H  12.99133455 -0.49089385 3.15001687
$end
$temperature
298.15
$end
$mult
 1
$end
$sigma
 1
$end
$pressure
1.00000
$end
$scale
1.093
$end
$msrrho
$end
$freq
12.37
17.52
23.45
29.00
36.14
38.87
42.24
54.30
55.74
75.87
87.75
105.85
120.94
127.37
130.35
152.89
159.22
164.93
167.16
172.93
173.82
180.82
197.65
211.14
233.54
256.17
311.94
316.60
324.55
347.84
364.28
381.63
433.39
444.27
467.23
474.31
497.93
527.06
566.74
613.55
636.36
660.46
696.68
736.22
760.27
770.14
787.89
796.53
820.51
838.86
848.44
957.17
968.34
976.14
1034.60
1044.86
1058.97
1076.16
1085.84
1116.16
1126.62
1128.64
1133.87
1136.18
1142.55
1147.59
1151.64
1155.28
1157.32
1169.12
1172.54
1179.11
1185.31
1190.25
1197.33
1201.85
1204.45
1210.13
1223.30
1238.66
1247.55
1250.10
1255.76
1258.28
1263.50
1264.35
1267.21
1278.97
1279.16
1289.05
1293.23
1309.74
1311.11
1313.16
1323.86
1342.16
1344.66
1347.73
2620.82
2624.63
2627.22
2631.17
2635.87
2645.95
2648.81
2649.57
2651.86
2658.16
2670.45
2682.82
2689.23
2691.59
2696.55
2727.90
2738.88
2785.06
2787.98
$end
