$molecule
 C  -1.19265449 1.46889607 0.66961394
 H  -0.22907989 0.90633029 0.78744290
 C  -1.02334320 2.51156626 -0.43137561
 H  -1.99987802 2.96158237 -0.73337023
 H  -1.38898203 1.99663199 1.63907854
 C   0.01218584 3.56726941 -0.10053991
 H  -0.32899888 4.17751738 0.76783701
 H   0.99194090 3.09463938 0.15636288
 H   0.16843581 4.24379105 -0.97391702
 C  -1.08340164 -1.59811733 1.26208162
 H  -0.22262967 -1.00767157 1.66580523
 H  -1.24036796 -2.47643334 1.94006775
 C  -2.35423086 -0.73672821 1.30402142
 H  -3.23273650 -1.37136580 1.01034476
 H  -2.51334390 -0.39918314 2.35920924
 C  -2.32070759 0.48359159 0.38277968
 H  -2.34853068 0.17810554 -0.69167410
 C  -0.72116749 -2.10252979 -0.13216282
 H  -0.73887248 -1.28453634 -0.88971149
 C   0.58957124 -2.88938149 -0.20382979
 H   0.70673504 -3.28218172 -1.24612466
 H   0.52664360 -3.76752730 0.48729725
 C   1.83778609 -2.07131238 0.16470243
 H   2.71865436 -2.75922384 0.12726751
 H   1.74145863 -1.69824450 1.21296021
 C   2.08661488 -0.89014117 -0.78350688
 H   2.42882363 -1.28029147 -1.77472907
 H   1.12702290 -0.33731505 -0.95202290
 C   3.11679583 0.11704503 -0.27861177
 H   3.20793800 0.96476579 -1.00139685
 C   4.48442935 -0.46767954 0.06495003
 H   4.40608399 -1.09585994 0.98732822
 H   4.81156531 -1.12424915 -0.77995397
 C   5.53414561 0.62076205 0.29339672
 H   6.50553033 0.15356102 0.57174319
 H   5.67992624 1.22802247 -0.62713537
 H   5.21394764 1.29570625 1.12180044
Cl  -0.43426108 1.63164091 -1.92800131
Cl  -3.89246234 1.37091354 0.64227106
Cl  -2.03685514 -3.24604471 -0.66263183
Cl   2.44458916 0.89425851 1.23524537
$end
$temperature
298.15
$end
$mult
 1
$end
$sigma
 1
$end
$pressure
1.00000
$end
$scale
1.093
$end
$msrrho
$end
$freq
12.29
30.68
40.82
54.67
58.09
76.31
82.88
89.45
99.13
126.89
137.56
151.33
175.08
182.07
184.68
220.89
243.93
269.41
284.30
319.39
324.64
329.06
353.56
376.92
395.93
415.47
444.16
476.12
485.35
518.07
603.76
635.54
648.60
687.84
719.06
794.98
852.33
856.48
880.20
926.25
940.03
951.73
972.13
999.08
1007.41
1034.96
1040.08
1059.07
1082.47
1106.92
1112.30
1123.82
1136.32
1138.98
1151.05
1153.47
1157.72
1163.11
1175.14
1178.02
1180.98
1189.54
1192.23
1200.01
1202.52
1208.33
1224.65
1233.92
1250.39
1260.12
1269.96
1272.35
1280.54
1318.78
1323.63
1333.63
1334.66
1340.44
1342.73
1347.33
1351.36
1354.02
1356.74
1358.97
1359.52
1364.71
1368.84
1371.09
1371.93
1376.92
1387.39
1404.68
1409.23
2621.50
2623.47
2625.55
2633.71
2634.56
2635.31
2648.69
2652.36
2661.14
2664.36
2664.83
2665.92
2667.56
2671.99
2673.90
2761.08
2764.25
2765.12
2767.11
2768.15
2769.96
2774.79
2849.20
2852.58
$end
