$molecule
 C  -1.22079203 1.45104647 0.67912073
 H  -0.26078042 0.90113713 0.82401967
 C  -1.06151339 2.49631147 -0.41846963
 H  -2.04195498 2.93835349 -0.71769909
 H  -1.39447947 1.96167532 1.65232693
 C  -0.04170818 3.56133052 -0.08262234
 H  -0.36101431 4.16709626 0.77608453
 H   0.94078937 3.13146283 0.16805939
 H   0.12017707 4.24950254 -0.92428945
 C  -1.07364442 -1.58290889 1.26681346
 H  -0.22343570 -0.99191299 1.67721134
 H  -1.18378663 -2.45401428 1.94719522
 C  -2.36031281 -0.75181526 1.32132797
 H  -3.23240910 -1.39432453 1.06209208
 H  -2.54071532 -0.43097664 2.36865455
 C  -2.34199687 0.46003431 0.39154764
 H  -2.35017379 0.13618551 -0.67846696
 C  -0.70511898 -2.05976253 -0.13468439
 H  -0.67795551 -1.21102517 -0.86217191
 C   0.59418862 -2.86369984 -0.18970336
 H   0.72937231 -3.27748744 -1.21152357
 H   0.52022998 -3.75173799 0.47186033
 C   1.82416515 -2.03536743 0.20472409
 H   2.70203128 -2.70832917 0.27499190
 H   1.68539747 -1.62222211 1.22556924
 C   2.11302830 -0.90541893 -0.78948972
 H   2.44001421 -1.33399247 -1.76024163
 H   1.16991097 -0.36006398 -1.02179935
 C   3.15722916 0.09788373 -0.31283088
 H   3.29015288 0.90432591 -1.07392680
 C   4.49817534 -0.51141018 0.08338513
 H   4.38836620 -1.12457270 1.00232727
 H   4.82532292 -1.21770621 -0.70852862
 C   5.56792407 0.55266268 0.30314176
 H   6.52066811 0.10000231 0.60249583
 H   5.75572546 1.14148386 -0.60193274
 H   5.27966245 1.25539482 1.09728941
Cl  -0.45981019 1.62766549 -1.91535808
Cl  -3.91997539 1.33481633 0.63409157
Cl  -2.02897842 -3.15926332 -0.71824326
Cl   2.48080182 0.96027464 1.15026169
$end
$temperature
298.15
$end
$mult
 1
$end
$sigma
 1
$end
$pressure
1.00000
$end
$scale
1.093
$end
$msrrho
$end
$freq
16.12
30.52
39.73
43.64
55.75
73.35
77.83
85.76
88.75
114.29
133.13
146.72
164.86
172.05
186.86
204.73
242.65
268.38
284.39
309.38
320.25
328.82
349.38
375.52
390.73
412.27
439.35
477.21
481.07
515.52
605.56
635.98
647.49
692.39
722.67
783.80
846.10
848.34
873.22
923.92
938.95
949.48
973.12
994.19
1007.45
1034.42
1041.49
1059.77
1085.21
1105.25
1108.04
1120.57
1129.16
1139.71
1152.39
1155.57
1160.40
1162.93
1167.61
1174.40
1182.96
1190.56
1192.63
1198.29
1201.90
1205.50
1213.75
1230.71
1238.23
1239.55
1245.18
1245.83
1251.86
1256.98
1257.83
1262.79
1263.31
1267.55
1268.51
1271.57
1276.20
1278.51
1281.06
1285.07
1304.58
1308.91
1315.68
1325.83
1327.23
1342.86
1343.88
1345.06
1347.94
2639.43
2643.95
2648.68
2651.11
2654.06
2659.58
2663.42
2664.46
2668.58
2670.65
2674.41
2689.36
2690.50
2692.36
2697.64
2727.14
2729.72
2731.85
2737.28
2739.65
2740.73
2743.28
2787.09
2788.33
$end
