$molecule
 H  -0.57071466 -0.46040856 0.23083652
 C  -0.24394344 -0.07839058 1.22432216
 C   1.26143765 -0.27601550 1.37439461
 C  -0.66293779 1.38321035 1.37979873
 H  -0.78877153 -0.69954802 1.96902069
 C   1.69448228 -1.70373177 1.04867815
Cl   1.69013708 0.04415741 3.11154927
 H   1.83797045 0.47309015 0.77419445
 C  -2.18037854 1.55633377 1.41389773
Cl  -0.02549033 2.28838300 -0.05943573
 H  -0.18225544 1.85792540 2.26892872
 C   3.21306092 -1.85854219 1.03866189
 H   1.27134554 -1.99545011 0.05762768
 H   1.24492304 -2.42111526 1.77116298
 C   3.65983260 -3.32165446 1.11159302
Cl   3.84876991 -1.08452396 -0.45769960
 H   3.67948328 -1.29721051 1.89501810
 C   5.12670384 -3.56202431 0.72362717
Cl   2.65314829 -4.33376586 0.02516985
 H   3.46107036 -3.70511275 2.15197039
 C   6.11477790 -2.66927910 1.48063288
Cl   5.47115325 -5.29029527 1.06719922
 H   5.26717328 -3.42673829 -0.38683772
 C   7.58541707 -3.03887535 1.25752669
Cl   5.77608961 -2.78561897 3.24211334
 H   5.94665340 -1.59309694 1.19037988
 C   8.56773058 -2.13106638 2.00927693
Cl   7.90507534 -2.90983775 -0.50170743
 H   7.78291875 -4.10524440 1.54865559
 C  10.01274635 -2.51927776 1.77374959
Cl   8.34771942 -0.42986576 1.45472527
 H   8.33726780 -2.12820547 3.10572125
 H  10.30637111 -2.42536718 0.71605712
 H  10.21604791 -3.55437735 2.07777094
 H  10.69694008 -1.87024103 2.34034012
 C  -2.58168708 2.99556200 1.71742094
 H  -2.62634563 1.23987385 0.44775817
 H  -2.61149502 0.87986887 2.18156386
 H  -2.20469185 3.69091875 0.95424389
 H  -2.19494062 3.33495035 2.68553867
 H  -3.67235966 3.10505009 1.74309740
$end
$temperature
298.15
$end
$mult
 1
$end
$sigma
 1
$end
$pressure
1.00000
$end
$scale
1.093
$end
$msrrho
$end
$freq
18.58
19.06
22.55
30.56
39.93
44.60
45.16
58.62
70.86
81.16
89.87
97.55
115.41
135.83
146.15
152.26
164.12
168.61
172.59
182.49
198.32
213.85
220.07
239.91
269.95
307.39
322.56
326.60
372.48
380.79
409.01
436.63
459.01
472.09
504.63
538.56
544.59
615.39
627.32
652.88
665.65
693.65
698.83
760.68
780.70
809.30
832.70
844.85
928.13
963.39
970.56
987.16
1034.94
1053.64
1056.93
1099.18
1103.03
1114.03
1119.21
1133.28
1137.60
1142.50
1147.77
1149.53
1156.68
1164.15
1168.12
1178.40
1182.00
1185.70
1188.66
1195.87
1198.86
1205.37
1206.23
1216.19
1231.71
1238.83
1250.13
1250.44
1251.33
1255.90
1258.51
1261.29
1263.23
1263.70
1275.67
1277.85
1280.07
1284.60
1291.39
1305.61
1313.34
1329.70
1343.00
1344.66
1347.96
2620.20
2625.38
2630.47
2639.55
2644.87
2648.94
2649.71
2651.71
2657.88
2661.45
2671.59
2682.79
2689.22
2691.73
2696.86
2725.54
2732.66
2739.61
2785.01
2788.01
$end
