$molecule
 H   0.45947633 -0.06227596 4.17559651
 C   1.39223084 0.42097723 4.49431694
 C   2.23911573 0.85476810 3.31582918
 H   1.91935752 -0.28729949 5.15317646
 H   1.11797001 1.27974685 5.12499964
 C   2.60818318 -0.31478948 2.39459476
Cl   3.74954710 1.60188855 3.95661986
 H   1.72007001 1.66140274 2.73658140
 C   3.45777973 0.09943693 1.18621151
Cl   3.55145559 -1.51619046 3.33316831
 H   1.66715259 -0.82966172 2.06209226
 C   3.81294735 -1.07450814 0.26669285
Cl   2.49944220 1.28683670 0.23857832
 H   4.39097352 0.62662035 1.53080879
 C   4.70340596 -0.66489069 -0.91609043
Cl   2.28933963 -1.74024884 -0.41080806
 H   4.29969959 -1.89877550 0.85838328
 C   5.05781167 -1.84324899 -1.83763888
Cl   6.22578810 -0.00322809 -0.23855749
 H   4.21189131 0.16253471 -1.49824917
 C   5.89528040 -1.42010469 -3.05210667
Cl   6.01167122 -3.01213900 -0.86861302
 H   4.11895999 -2.36785594 -2.16644608
 C   6.25382420 -2.50476947 -4.08034753
Cl   4.93174895 -0.17434483 -3.93481463
 H   6.83042853 -0.89398122 -2.70876517
 C   7.52452559 -3.30889868 -3.76449649
Cl   4.90813796 -3.67986789 -4.25463524
 H   6.37296185 -2.01902459 -5.09354026
 C   7.89235182 -4.30386697 -4.87233780
Cl   8.87814445 -2.14533503 -3.58959150
 H   7.42799315 -3.85424302 -2.78701012
 C   9.11433515 -5.16753459 -4.52718051
Cl   8.28873255 -3.38924476 -6.36361442
 H   7.01843867 -4.96408262 -5.11967035
 C   9.51360947 -6.10339394 -5.64690864
Cl   8.63795423 -6.18531727 -3.10643436
 H   9.98077928 -4.54411732 -4.19423603
 H   9.92796882 -5.55880420 -6.50907583
 H  10.28908380 -6.81281911 -5.31951109
 H   8.67147645 -6.70560759 -6.01492744
$end
$temperature
298.15
$end
$mult
 1
$end
$sigma
 1
$end
$pressure
1.00000
$end
$scale
1.093
$end
$msrrho
$end
$freq
11.92
19.59
22.29
24.88
36.80
40.36
42.73
45.28
53.84
61.38
80.81
98.46
112.20
120.53
126.45
130.48
144.82
153.59
158.70
168.35
169.80
174.17
176.41
181.75
192.67
198.25
255.69
280.53
299.49
309.16
316.94
323.10
334.29
347.30
390.43
403.86
409.45
455.60
467.49
489.55
509.48
548.28
592.17
622.28
654.66
696.59
726.75
748.82
753.31
766.56
791.86
798.32
809.54
821.27
828.55
837.99
966.78
968.39
1028.75
1034.88
1045.58
1073.80
1087.11
1109.39
1118.20
1126.51
1131.64
1132.52
1135.05
1139.22
1144.41
1150.87
1153.93
1163.06
1168.97
1175.90
1179.22
1182.36
1191.49
1198.72
1202.71
1207.42
1219.78
1236.49
1238.75
1246.79
1250.20
1258.88
1259.58
1278.97
1284.73
1288.76
1293.21
1294.59
1310.37
1321.74
1326.14
1341.94
1344.56
1344.71
2616.23
2617.24
2620.80
2625.14
2632.72
2635.11
2637.44
2642.52
2649.28
2651.67
2661.24
2680.63
2682.84
2689.29
2690.43
2785.00
2785.09
$end
