$molecule
 H   0.71002994 -0.72448526 4.27652571
 C   1.41840125 0.09327424 4.47024767
 C   2.04796326 0.60384476 3.19279633
 H   2.15724299 -0.28810674 5.19307963
 H   0.85976916 0.88537730 4.99230342
 C   2.72250463 -0.49540498 2.38072112
Cl   3.26041346 1.84356971 3.62967325
 H   1.29509258 1.15206775 2.57446589
 C   3.41336984 0.00550641 1.11643303
Cl   3.96911183 -1.28340232 3.37986352
 H   1.97457914 -1.29992292 2.15958118
 C   4.13477003 -1.08273065 0.33219957
Cl   2.14411660 0.72218122 0.08987801
 H   4.12040784 0.84846494 1.34546844
 C   4.71678026 -0.59511563 -0.99229228
Cl   2.98608000 -2.39022749 -0.04524728
 H   4.92394742 -1.55794311 0.97655316
 C   5.38298669 -1.69086114 -1.81718808
Cl   5.92821200 0.64499477 -0.59228682
 H   3.93548694 -0.07314354 -1.60783235
 C   6.14900546 -1.18817808 -3.03686089
Cl   6.55882036 -2.53536723 -0.77754454
 H   4.62365225 -2.46714661 -2.09821723
 C   6.44029666 -2.22486699 -4.11824612
Cl   5.17702807 0.07691371 -3.83901063
 H   7.09647779 -0.66163558 -2.73756513
 C   7.39424011 -3.34165906 -3.71241732
Cl   4.91331153 -3.01436127 -4.59506426
 H   6.80132684 -1.70207737 -5.04635795
 C   7.73033141 -4.30052046 -4.84828031
Cl   8.89348428 -2.57487239 -3.14058756
 H   6.99615709 -3.92338230 -2.83894804
 C   8.74068455 -5.38061537 -4.47270800
Cl   8.43913879 -3.37984802 -6.20120777
 H   6.79931716 -4.76303744 -5.26635903
 C   8.98709470 -6.36962465 -5.58904487
Cl   8.02065235 -6.29270220 -3.10401845
 H   9.69568819 -4.96420366 -4.07546327
 H   9.53678286 -5.91346587 -6.42731997
 H   9.59755653 -7.22277532 -5.25260805
 H   8.05818011 -6.78776060 -6.00253413
$end
$temperature
298.15
$end
$mult
 1
$end
$sigma
 1
$end
$pressure
1.00000
$end
$scale
1.093
$end
$msrrho
$end
$freq
9.47
12.03
19.32
27.26
29.39
44.28
47.42
52.81
59.48
66.21
69.08
90.51
113.72
118.54
132.36
141.54
147.92
157.85
163.66
167.77
171.91
176.24
177.13
181.85
191.82
194.55
247.20
259.71
279.75
290.88
299.32
302.84
314.20
328.71
367.56
382.99
392.25
443.22
457.35
469.39
489.06
526.32
574.43
610.32
640.70
683.29
716.37
726.19
734.20
749.95
775.28
786.60
806.26
821.13
822.12
834.99
974.67
978.04
1011.76
1059.39
1063.75
1067.97
1071.86
1100.95
1121.58
1132.83
1142.11
1145.07
1151.49
1157.58
1159.06
1159.61
1160.83
1169.76
1173.49
1185.95
1189.55
1193.59
1197.52
1203.15
1206.13
1206.86
1220.11
1275.76
1275.99
1279.09
1280.02
1281.82
1288.22
1293.44
1299.38
1304.74
1316.88
1320.80
1325.65
1331.64
1345.72
1349.62
1397.84
1398.09
2615.40
2618.48
2621.07
2623.37
2633.08
2638.59
2639.88
2642.56
2647.11
2650.73
2656.07
2658.36
2667.34
2668.26
2677.24
2775.75
2776.18
$end
