$molecule
 H  -0.44318822 -0.52981461 0.65509230
 C   0.16413422 0.01068504 1.39736935
 C   1.62767487 -0.04710271 1.05654291
 H  -0.20638659 1.04652888 1.42479386
 H  -0.05939585 -0.42671795 2.38184050
 C   2.21386555 -1.43810327 1.15180775
Cl   2.50144537 0.94268295 2.39312521
 H   1.88527957 0.47582212 0.10802304
 C   3.68011937 -1.42170306 0.77892673
 H   1.64947003 -2.13493712 0.48894242
 H   2.08451835 -1.84858553 2.17809331
 C   4.34679090 -2.76151855 0.96277502
Cl   3.73454506 -1.00850960 -1.03174975
 H   4.25704527 -0.60357202 1.28333539
 C   5.72708372 -2.83258658 0.35702306
Cl   3.37275362 -4.02824724 0.03529969
 H   4.32435588 -3.08255182 2.03499495
 C   6.39297372 -4.17590974 0.50558199
Cl   6.71139069 -1.59085591 1.30710605
 H   5.73871080 -2.49258049 -0.71462828
 C   7.89917124 -4.15841846 0.33433949
Cl   6.15200994 -4.75626649 2.25923747
 H   5.88092223 -4.94275934 -0.12712470
 C   8.32859334 -3.44513261 -0.92781161
 H   8.27380554 -5.20564365 0.36233096
 H   8.38120659 -3.66560506 1.21241661
 C   9.71970914 -3.82619873 -1.38249106
Cl   7.18016467 -4.04674481 -2.28780044
 H   8.17010336 -2.33966899 -0.88894049
 C  10.12073331 -3.03041907 -2.60689891
 H  10.44310332 -3.66081581 -0.55286510
 H   9.77660559 -4.91485821 -1.60634443
 C  11.49310371 -3.38688700 -3.13243552
Cl  10.23683740 -1.25668028 -2.00706380
 H   9.33198081 -3.01136489 -3.39263636
 C  11.83227202 -2.55821101 -4.36000743
 H  11.52961860 -4.47162299 -3.37475335
 H  12.26272144 -3.24260736 -2.34406905
 H  11.13014602 -2.73113935 -5.18841324
 H  11.81591469 -1.47872294 -4.14499192
 H  12.83623829 -2.79355733 -4.74159358
$end
$temperature
298.15
$end
$mult
 1
$end
$sigma
 1
$end
$pressure
1.00000
$end
$scale
1.0
$end
$msrrho
$end
$freq
16.90
24.12
30.02
34.32
45.85
49.83
62.24
65.99
79.95
85.86
89.87
113.01
131.26
144.29
161.77
164.10
165.07
174.77
186.18
203.18
210.52
228.64
244.55
276.97
294.56
299.24
313.26
342.89
366.56
384.65
410.77
431.74
478.35
499.74
511.25
531.88
568.52
579.82
585.60
592.57
609.58
668.25
690.01
738.24
857.79
918.35
933.64
967.66
973.82
984.66
1021.28
1046.16
1056.77
1096.70
1100.22
1108.75
1115.29
1132.21
1137.80
1144.28
1146.02
1153.83
1155.76
1160.01
1165.00
1169.22
1172.81
1175.46
1179.62
1185.35
1189.69
1203.00
1209.89
1212.65
1229.15
1231.24
1236.52
1251.79
1264.69
1270.02
1271.46
1273.16
1279.91
1286.58
1288.26
1292.78
1298.55
1301.71
1315.35
1327.41
1343.01
1352.30
1365.84
1379.05
1392.06
1395.16
2858.25
2888.13
2901.57
2904.77
2912.35
2917.08
2922.18
2928.11
2932.88
2949.35
2950.04
2972.30
2974.35
2977.21
2986.79
3019.25
3021.42
3022.60
3027.61
3078.35
3080.62
$end
