$molecule
 H   0.45288478 0.12437970 4.00963111
 C   1.43702457 0.42650617 4.39107814
 C   2.36189045 0.82001748 3.26558728
 H   1.84481684 -0.41431465 4.96972056
 H   1.28435628 1.26429590 5.08337342
 C   2.66256373 -0.34344190 2.33602498
Cl   3.89982906 1.39223019 3.97718614
 H   1.93153488 1.66716508 2.67873312
 C   3.47678431 0.08161063 1.12387396
Cl   3.60010570 -1.56098553 3.24862765
 H   1.71045679 -0.82448979 2.00329560
 C   3.78595954 -1.08447470 0.20060516
Cl   2.53288213 1.28593047 0.19850148
 H   4.42686749 0.57133318 1.45887753
 C   4.73047705 -0.68919033 -0.92391108
Cl   2.24915937 -1.64743380 -0.51882429
 H   4.22372746 -1.93281189 0.78664177
 C   5.04047335 -1.85816956 -1.84769141
Cl   6.26575274 -0.12403860 -0.20586359
 H   4.28865647 0.15913763 -1.50679843
 C   5.84323558 -1.41689327 -3.06217545
Cl   5.96816153 -3.05733170 -0.90664690
 H   4.08556168 -2.34559654 -2.17354616
 C   6.20888405 -2.50585537 -4.06292340
Cl   4.84320386 -0.22408871 -3.95756779
 H   6.77245379 -0.88942433 -2.72478567
 C   7.50424712 -3.23603823 -3.73744138
Cl   4.89052742 -3.70596442 -4.17291643
 H   6.31305943 -2.04000135 -5.07734461
 C   7.87169899 -4.24751764 -4.81170336
Cl   8.82553897 -2.03682307 -3.63216716
 H   7.42828530 -3.75240933 -2.74539805
 C   9.07204926 -5.09372579 -4.41800136
Cl   8.27419230 -3.35576756 -6.30782510
 H   6.99338929 -4.90336218 -5.03182282
 C   9.46775455 -6.07256480 -5.49580780
Cl   8.62680607 -6.04310101 -2.96349614
 H   9.92802854 -4.43369338 -4.13958924
 H   9.75905294 -5.54899202 -6.41693268
 H  10.31995987 -6.68460391 -5.17382544
 H   8.64483851 -6.75554601 -5.74600311
$end
$temperature
298.15
$end
$mult
 1
$end
$sigma
 1
$end
$pressure
1.00000
$end
$scale
0.953
$end
$msrrho
$end
$freq
8.38
19.65
20.34
25.53
36.48
38.99
46.77
52.10
61.98
64.93
79.28
97.90
112.93
119.47
131.36
132.61
145.55
155.91
162.58
167.14
173.20
176.60
178.42
182.75
185.10
186.95
241.52
261.76
281.48
289.75
295.44
299.56
308.39
331.79
366.60
390.31
393.06
436.95
445.38
470.35
489.06
525.74
568.25
599.01
612.16
632.07
661.81
672.23
682.86
691.73
728.20
744.21
765.12
796.51
809.02
824.20
952.91
954.44
1014.60
1021.96
1037.28
1082.66
1091.89
1098.39
1104.16
1115.09
1121.34
1126.74
1132.16
1133.59
1135.32
1141.15
1142.87
1143.41
1152.13
1155.09
1163.45
1172.63
1178.75
1186.36
1191.67
1197.71
1201.24
1207.91
1210.00
1212.44
1221.31
1237.85
1264.70
1308.04
1332.07
1356.46
1370.27
1379.33
1389.95
1390.91
1395.58
1396.65
1403.57
1404.45
2853.85
2857.93
2860.58
2863.43
2865.71
2868.30
2871.68
2887.60
2894.26
2898.44
2906.05
3076.41
3076.81
3084.90
3086.05
3174.36
3174.42
$end
