$molecule
 H  -0.63234453 -0.51329137 0.28657912
 C  -0.22994797 -0.15810478 1.26177683
 C   1.26682728 -0.36700508 1.30452366
 C  -0.57330377 1.30126767 1.47566102
 H  -0.73629745 -0.78278833 2.03076041
 C   1.67503937 -1.80588209 1.08120339
Cl   1.76732954 0.01596982 3.07721440
 H   1.83806410 0.36195381 0.68028354
 C  -2.06065287 1.57448742 1.47682270
Cl   0.11661143 2.17908229 -0.03209520
 H  -0.03452482 1.75608265 2.33753557
 C   3.18005748 -1.94349986 1.15280265
 H   1.29669140 -2.15559079 0.09153645
 H   1.19704826 -2.47912879 1.82727478
 C   3.66468786 -3.37113155 1.09904452
Cl   3.84692624 -1.08585041 -0.35096488
 H   3.61824874 -1.39695357 2.02961148
 C   5.10867991 -3.52146863 0.66875899
Cl   2.69653029 -4.26967910 -0.18681501
 H   3.45645247 -3.90455491 2.06067401
 C   6.05566247 -2.60060181 1.39664900
Cl   5.54045430 -5.26053162 1.11671161
 H   5.24352167 -3.44654697 -0.44198580
 C   7.50199364 -3.02333273 1.32297134
Cl   5.62227648 -2.68648532 3.19655449
 H   5.91437066 -1.52758617 1.08954209
 C   8.43383967 -2.07677835 2.04088425
Cl   7.88734479 -2.98251374 -0.47648220
 H   7.66943829 -4.07971274 1.65177384
 C   9.88686796 -2.37760145 1.78982739
Cl   8.12829186 -0.37575063 1.36857363
 H   8.17725636 -2.00666781 3.12530438
 H  10.14128477 -2.34531088 0.71798484
 H  10.16583867 -3.37517771 2.16186775
 H  10.54151755 -1.64920506 2.29140800
 C  -2.33720602 3.05251145 1.69513948
 H  -2.52166487 1.23160961 0.52575029
 H  -2.55061618 0.96713028 2.26912444
 H  -1.87385644 3.67707957 0.91599911
 H  -1.95615453 3.41089029 2.66236722
 H  -3.41516905 3.26852633 1.67974765
$end
$temperature
298.15
$end
$mult
 1
$end
$sigma
 1
$end
$pressure
1.00000
$end
$scale
1.0
$end
$msrrho
$end
$freq
19.42
22.02
29.21
34.03
48.87
49.80
55.80
66.66
75.92
87.16
93.66
101.84
112.92
139.59
148.28
154.99
161.12
165.39
177.62
189.31
203.05
209.33
213.16
229.24
255.35
276.28
287.36
291.32
333.99
340.82
378.91
399.08
434.31
443.78
479.93
494.66
522.92
545.81
577.91
579.82
587.77
596.39
607.29
650.52
700.55
717.88
765.73
858.25
920.60
972.85
978.97
983.92
1024.46
1052.18
1071.73
1095.68
1101.67
1108.43
1109.82
1121.49
1132.52
1141.10
1142.88
1150.28
1154.42
1159.96
1162.05
1168.32
1170.71
1171.66
1175.01
1184.88
1186.89
1198.52
1208.07
1214.43
1226.99
1233.18
1242.51
1248.05
1251.44
1265.43
1267.21
1277.68
1284.12
1287.16
1288.67
1298.63
1298.91
1302.03
1325.69
1337.63
1345.80
1359.92
1377.69
1385.98
1397.81
2849.95
2873.24
2894.29
2909.26
2910.20
2914.58
2918.67
2928.66
2929.09
2932.96
2949.50
2970.45
2977.52
2986.80
3011.53
3020.56
3021.27
3027.58
3072.77
3080.53
$end
