$molecule
 C  -1.95707363 1.37776198 0.66348872
 H  -1.16459706 0.85282737 1.24636693
 C  -1.41662000 2.68576625 0.09821600
 H  -2.12308502 3.14844236 -0.63251346
 H  -2.75137349 1.60231646 1.41428894
 C  -0.99332117 3.66749842 1.16729211
 H  -0.24720953 3.24268008 1.85410780
 H  -0.54070366 4.57093512 0.73248145
 H  -1.84916994 3.99504678 1.77406893
 C  -1.57162587 -1.73192391 0.56241514
 H  -1.24502013 -1.33598770 1.55288089
 H  -1.86710535 -2.78577928 0.76709446
 C  -2.80199888 -0.96834626 0.06429721
 H  -3.32174874 -1.54283652 -0.74696573
 C  -2.50387156 0.45393274 -0.41771401
 H  -1.81349939 0.40087685 -1.30247406
 C  -0.39401417 -1.68741755 -0.40599146
 H  -0.12251420 -0.62998227 -0.66590810
 C   0.83406487 -2.45076173 0.09281985
 H   1.25240306 -3.10502831 -0.70784625
 H   0.54958538 -3.16392223 0.89734961
 C   1.94936370 -1.53348936 0.59254912
 H   2.77382186 -2.13496217 1.05103367
 C   2.48220684 -0.58479621 -0.47427336
 H   2.74421378 -1.16626094 -1.38738884
 H   1.67599462 0.11139641 -0.80436548
 C   3.68640659 0.22712424 -0.00486287
 H   3.53874019 0.63910499 1.02202546
 C   4.06283413 1.33057885 -0.99048017
 H   4.35534198 0.89372529 -1.96783940
 H   3.16627443 1.95694570 -1.19479809
 C   5.19057359 2.20916306 -0.46127619
 H   4.92598042 2.68986523 0.48779724
 H   6.10927050 1.63115068 -0.29028643
 H   5.43732984 3.00536697 -1.17385447
Cl   0.07785522 2.28464973 -0.88549062
Cl  -4.03466628 1.16168382 -1.05414679
Cl  -0.94949248 -2.43287029 -1.96354852
Cl   5.09012618 -0.92169509 0.13370180
Cl   1.27246978 -0.52932228 1.95006887
Cl  -3.95756853 -0.89823014 1.44564156
$end
$temperature
298.15
$end
$mult
 1
$end
$sigma
 1
$end
$pressure
1.00000
$end
$scale
1.093
$end
$msrrho
$end
$freq
15.78
21.21
28.04
33.71
44.56
55.09
59.26
70.25
78.68
99.94
108.05
122.39
132.59
144.61
155.45
174.80
175.98
191.49
197.94
228.42
268.11
318.55
329.48
337.42
348.05
363.24
387.09
389.55
420.79
464.11
472.77
486.68
505.09
568.45
583.76
637.38
645.56
670.30
713.17
736.34
771.41
844.67
897.45
936.32
946.46
956.31
963.33
973.23
1014.12
1033.18
1048.07
1057.03
1094.32
1108.34
1116.37
1124.37
1133.80
1144.41
1149.59
1156.63
1158.81
1165.08
1173.38
1178.63
1184.66
1188.21
1193.09
1194.95
1202.10
1202.37
1214.88
1225.38
1229.06
1238.22
1242.30
1243.36
1247.90
1249.40
1250.99
1256.34
1257.64
1263.18
1264.39
1274.01
1277.61
1279.22
1283.60
1285.34
1314.71
1323.34
1327.34
1336.39
1343.23
1345.16
1348.03
2622.46
2634.97
2642.39
2644.07
2647.05
2649.04
2655.72
2660.16
2660.21
2662.37
2670.49
2687.19
2691.27
2692.10
2696.52
2726.11
2727.94
2730.06
2732.31
2737.04
2786.53
2788.05
$end
