$molecule
 H  -0.19995744 -0.15725210 0.23205077
 C   0.11831500 0.02703414 1.28766733
 C   1.62621864 0.05188364 1.36350423
 H  -0.30817212 1.00389637 1.62143603
 H  -0.30092625 -0.78253555 1.93267487
 C   2.21049213 -1.29017250 0.96182740
Cl   2.13754090 0.48715667 3.00666330
 H   2.03613080 0.86860574 0.71301885
 C   3.71301759 -1.23379035 0.74355761
 H   1.70086291 -1.63242345 0.02024769
 H   1.98704201 -2.05042566 1.75827399
 C   4.31666448 -2.63482315 0.71101411
Cl   4.09521873 -0.33243295 -0.72851433
 H   4.19430752 -0.64758662 1.57459638
 C   5.84342712 -2.62587295 0.63996407
Cl   3.65826910 -3.55746358 -0.64648065
 H   3.98705918 -3.18831547 1.63292816
 C   6.43849520 -4.03117182 0.62564861
Cl   6.50004811 -1.68310228 1.98403030
 H   6.17487246 -2.08323544 -0.28746425
 C   7.93142892 -4.02686529 0.33899615
Cl   6.13094800 -4.87135710 2.15006181
 H   5.90782732 -4.64798801 -0.15144986
 C   8.24123672 -3.81350309 -1.13337426
 H   8.37865386 -5.00249980 0.67209611
 H   8.42848691 -3.21408767 0.93503720
 C   9.72454124 -3.54958550 -1.32602935
Cl   7.74151614 -5.22880414 -2.07992032
 H   7.63783678 -2.96510315 -1.55052524
 C  10.06663412 -3.06639036 -2.72416347
 H  10.05596328 -2.78186500 -0.57546420
 H  10.30088729 -4.49131032 -1.11815249
 C  11.56974726 -3.06721152 -2.93949805
Cl   9.40402721 -1.43959828 -2.98485355
 H   9.56380557 -3.70564547 -3.49637077
 C  11.94359584 -2.84205850 -4.38172436
 H  11.97167249 -4.06208623 -2.60528946
 H  12.04530150 -2.28178166 -2.29471326
 H  11.49449894 -3.62937952 -5.03453272
 H  11.58468003 -1.84515931 -4.73531342
 H  13.05400085 -2.87861564 -4.49707789
$end
$temperature
298.15
$end
$mult
 1
$end
$sigma
 1
$end
$pressure
1.00000
$end
$scale
0.961
$end
$msrrho
$end
$freq
11.05
14.30
18.94
26.13
30.86
39.27
43.71
61.19
71.66
80.55
94.42
102.48
132.33
147.14
161.92
167.57
172.63
175.11
185.77
200.17
218.28
247.40
291.76
321.28
330.90
336.02
357.87
387.56
400.60
405.41
440.95
489.95
522.49
543.76
562.04
585.86
663.53
703.91
712.41
722.44
739.84
791.91
830.53
855.83
874.79
937.66
969.67
990.40
1008.13
1013.61
1060.81
1084.56
1109.94
1125.88
1129.03
1130.80
1134.20
1166.09
1173.85
1193.35
1196.33
1200.22
1204.20
1211.10
1218.59
1220.45
1223.77
1224.13
1230.77
1233.19
1245.37
1253.91
1261.90
1266.85
1270.44
1275.38
1293.96
1299.62
1304.36
1325.86
1348.77
1370.58
1383.89
1388.49
1388.76
1390.15
1391.29
1391.94
1392.18
1397.67
1403.58
1417.15
1421.35
1427.17
1433.15
1438.50
2991.75
2993.14
2995.97
3005.80
3008.57
3009.41
3011.17
3014.06
3025.42
3026.90
3030.92
3058.95
3060.60
3062.93
3065.55
3080.23
3081.27
3083.00
3088.95
3154.83
3156.19
$end
