$molecule
 H  -0.54816115 -0.57554930 0.44277977
 C  -0.12245610 -0.06377574 1.34808591
 C   1.38576295 -0.23926806 1.34265973
 C  -0.55305367 1.39233030 1.35159110
 H  -0.55426610 -0.57007781 2.25325298
 C   1.74705680 -1.69062414 1.07871360
Cl   2.07110809 0.29185658 2.89265647
 H   1.85686363 0.42969756 0.57431485
 C  -2.04166516 1.51081710 1.62752517
Cl  -0.14814840 2.15090447 -0.20124001
 H   0.02954205 1.97386454 2.11330451
 C   3.23286474 -1.88624421 0.82067389
 H   1.15898857 -2.04992075 0.19043764
 H   1.44504502 -2.32036840 1.95852930
 C   3.62659554 -3.35357909 0.95569625
Cl   3.68135532 -1.23468846 -0.75714869
 H   3.81850037 -1.28434267 1.56902923
 C   5.11479089 -3.61623351 0.72100734
Cl   2.68366250 -4.35755353 -0.15037695
 H   3.33780306 -3.69927270 1.98667494
 C   6.02646109 -2.71253353 1.54605313
Cl   5.46055936 -5.31702272 1.05066225
 H   5.35266927 -3.46846202 -0.36987101
 C   7.51249089 -2.96951551 1.29114157
Cl   5.67744371 -2.89487113 3.27068400
 H   5.79981489 -1.63810498 1.30047668
 C   8.41277761 -2.02482830 2.08284618
Cl   7.85651048 -2.85590967 -0.43709240
 H   7.77270161 -4.02592357 1.57510238
 C   9.86523633 -2.42886546 1.98464925
Cl   8.20860197 -0.34520710 1.57497229
 H   8.09296412 -2.03635839 3.16047424
 H  10.23355501 -2.36797051 0.93180091
 H   9.98850183 -3.47921383 2.34653692
 H  10.49452596 -1.75784164 2.61870096
 C  -2.46553282 2.93245778 1.89171710
 H  -2.62167306 1.09397232 0.76230316
 H  -2.28356899 0.88099099 2.52629314
 H  -2.26410509 3.57968712 1.00391544
 H  -1.91351558 3.35385704 2.76660850
 H  -3.55963358 2.96834846 2.11369530
$end
$temperature
298.15
$end
$mult
 1
$end
$sigma
 1
$end
$pressure
1.00000
$end
$scale
0.961
$end
$msrrho
$end
$freq
12.32
16.61
21.78
25.45
33.83
37.06
46.13
60.11
63.72
74.64
83.53
99.54
119.18
144.86
154.05
161.76
166.72
172.01
175.23
188.54
193.03
220.32
234.22
244.87
278.83
308.22
328.14
332.88
379.32
388.66
410.58
446.83
487.29
497.91
527.62
568.85
572.46
649.95
657.03
704.01
716.57
729.15
740.01
795.92
826.06
851.43
857.90
872.89
955.27
999.88
1014.72
1016.45
1056.18
1085.12
1121.62
1127.20
1129.40
1133.69
1135.77
1153.13
1161.97
1180.91
1190.11
1196.42
1201.13
1208.87
1213.83
1218.15
1221.36
1226.10
1230.26
1235.76
1240.95
1252.89
1258.34
1268.77
1274.45
1279.08
1287.23
1300.49
1308.37
1316.06
1332.57
1361.62
1372.58
1382.48
1388.51
1389.31
1389.94
1391.39
1392.08
1397.82
1407.91
1421.11
1427.39
1432.52
1438.52
2984.89
2991.49
2994.98
3004.97
3005.56
3007.00
3009.53
3011.34
3011.99
3022.65
3030.31
3058.52
3060.60
3062.18
3062.88
3079.60
3082.45
3088.96
3153.35
3156.16
$end
