$molecule
 C  -2.30851293 1.25119691 -0.71567884
 H  -2.35329680 1.29113491 -1.82643469
 C  -3.19525202 0.12191821 -0.19702842
 H  -2.96944070 -0.12531942 0.86873387
 H  -2.72462186 2.22756521 -0.38031375
 C  -4.67256600 0.38251447 -0.40149284
 H  -5.01321830 1.24878748 0.18153104
 H  -4.92201549 0.57166802 -1.45448680
 H  -5.28039280 -0.47873505 -0.08632891
 C   1.49529613 2.15406131 -0.44213633
 H   2.11523942 2.76393459 -1.13339802
 H   1.48680888 2.72350188 0.51477432
 C   0.07001326 2.07361299 -1.00212227
 H  -0.36010258 3.09841493 -0.99116950
 H   0.10666076 1.77611428 -2.07225275
 C  -0.85700402 1.11387800 -0.26163935
 H  -0.49799613 0.04535356 -0.34839822
 C   2.15935029 0.79966042 -0.20038894
 H   1.66856356 0.26186412 0.64836325
 C   2.27438942 -0.08710160 -1.43413856
 H   2.94844509 0.38106119 -2.18104733
 H   1.28637628 -0.15754510 -1.93389413
 C   2.78445940 -1.49808101 -1.10980018
 H   3.84520742 -1.43603564 -0.78677134
 H   2.78788115 -2.09796372 -2.04107064
 C   1.98434349 -2.23242885 -0.02584115
 H   2.42933980 -3.23527871 0.13047218
 H   2.10236360 -1.70741015 0.94458413
 C   0.49493305 -2.37761827 -0.35531783
 H   0.03505449 -1.37255950 -0.50933485
 H   0.37245072 -2.90925745 -1.31835631
 C  -0.28017842 -3.12215993 0.74095817
 H  -1.29421986 -3.36345625 0.35985652
 H   0.20350022 -4.09573533 0.95082554
 C  -0.40535291 -2.31847492 2.03331751
 H  -0.99591347 -2.85969481 2.78041630
 H   0.57507594 -2.11153740 2.47789010
 H  -0.89404111 -1.35147747 1.86483322
Cl  -2.77331062 -1.37913300 -1.14101745
Cl  -0.80001869 1.50002343 1.50932475
Cl   3.84857813 1.15443931 0.38467186
$end
$temperature
298.15
$end
$mult
 1
$end
$sigma
 1
$end
$pressure
1.00000
$end
$scale
1.093
$end
$msrrho
$end
$freq
24.17
26.59
47.95
48.44
62.80
71.54
85.48
102.03
131.56
137.31
140.67
159.24
161.66
174.53
185.69
228.78
257.60
284.27
309.28
332.86
344.47
367.50
378.14
402.35
454.00
459.35
482.66
527.06
548.88
650.42
666.52
698.04
765.99
819.13
824.48
840.10
919.63
943.41
946.26
961.53
973.29
986.40
991.40
1026.69
1035.40
1046.91
1076.45
1110.63
1116.03
1123.82
1128.60
1140.07
1147.35
1157.89
1167.59
1171.66
1180.62
1182.76
1184.75
1187.41
1191.83
1199.92
1209.90
1214.54
1216.71
1231.92
1237.90
1242.53
1245.31
1249.29
1259.88
1260.90
1261.72
1263.97
1267.80
1269.59
1277.10
1282.11
1283.52
1285.44
1289.89
1291.60
1297.08
1301.93
1305.38
1318.04
1326.75
1334.64
1339.89
1343.27
1344.79
1349.50
2538.49
2642.12
2645.10
2653.37
2655.26
2660.75
2663.90
2664.56
2667.84
2671.09
2676.65
2687.75
2694.03
2696.97
2699.86
2724.87
2731.45
2735.21
2736.58
2738.35
2738.54
2741.04
2741.63
2787.41
2789.96
$end
