$molecule
 H  -4.36143543 1.37759243 3.85471421
 C  -3.46045849 1.16699362 4.48134989
 C  -2.26562010 1.91833667 3.94140239
 H  -3.28636648 0.06394347 4.48352799
 H  -3.67116855 1.49615679 5.52861185
 C  -1.04815836 1.75873313 4.84506225
Cl  -1.92684145 1.41503994 2.28110379
 H  -2.51756591 3.01053418 3.85632551
 C  -0.42739443 0.37519514 4.78000266
Cl   0.15469466 2.99650519 4.45195729
 H  -1.36362598 1.99182263 5.89873613
 C   0.53649111 0.12161746 5.92442213
 H  -1.25037038 -0.39044123 4.79664232
 H   0.11949926 0.25398581 3.80587030
 C   1.40564183 -1.11890091 5.73221530
Cl  -0.34546130 -0.03052074 7.45324423
 H   1.20431193 1.01439857 6.07362553
 C   2.44521396 -0.94722231 4.62341704
Cl   0.40080607 -2.53496132 5.39850420
 H   1.92878974 -1.35513585 6.70028784
 C   3.32976915 -2.18466503 4.46575575
Cl   3.43395410 0.48280776 4.93104943
 H   1.92757219 -0.74461454 3.64574255
 C   4.24517363 -2.09028501 3.24397566
Cl   4.29218774 -2.44639348 5.92313054
 H   2.67467774 -3.09551755 4.37532137
 C   5.14097076 -3.31743088 3.08866165
Cl   3.27595444 -1.84573347 1.78559813
 H   4.89127988 -1.17233447 3.32888590
 C   6.15544454 -3.16819195 1.95473162
Cl   4.16050678 -4.76575493 2.82606202
 H   5.68853349 -3.50013832 4.05512319
 C   7.07492921 -4.37987568 1.82904852
Cl   7.09955196 -1.69164176 2.17787384
 H   5.61795783 -3.02849669 0.97709628
 C   7.91609632 -4.31153977 0.57592879
Cl   8.10700372 -4.56923922 3.25009620
 H   6.44675279 -5.31194810 1.80826042
 H   8.53598889 -5.23594424 0.47825022
 H   7.25134929 -4.23261420 -0.31921899
 H   8.59936687 -3.42798393 0.59283201
$end
$temperature
298.15
$end
$mult
 1
$end
$sigma
 1
$end
$pressure
1.00000
$end
$scale
0.961
$end
$msrrho
$end
$freq
8.64
13.40
17.07
25.68
28.30
32.99
47.55
49.15
56.12
60.31
81.86
91.17
117.96
133.25
137.78
151.31
164.22
167.68
169.40
173.86
175.59
183.31
185.39
191.56
217.55
259.24
270.70
308.70
324.39
330.71
336.14
365.65
388.29
423.36
451.74
469.09
488.48
506.07
540.64
588.47
596.74
650.88
680.06
729.82
738.44
764.55
776.22
795.74
805.92
831.26
836.53
861.81
878.32
992.40
1013.61
1034.16
1055.48
1056.55
1094.59
1117.56
1122.71
1129.92
1133.21
1134.00
1155.67
1163.69
1166.95
1184.22
1190.57
1197.17
1206.18
1211.35
1214.97
1220.46
1224.26
1235.24
1238.61
1241.04
1245.76
1248.23
1263.72
1269.47
1276.91
1281.00
1308.31
1326.94
1333.23
1346.76
1356.46
1361.72
1369.77
1381.10
1382.59
1385.14
1389.38
1393.95
1422.19
1432.49
1435.47
2981.44
2987.13
2989.91
2993.71
2998.65
3003.11
3005.14
3007.70
3011.41
3012.47
3013.49
3058.10
3058.47
3061.87
3062.20
3079.59
3153.36
3153.86
$end
