$molecule
 H  -0.33750112 -0.71796257 0.43417155
 C  -0.10496103 -0.13853084 1.33641257
 C   1.14815465 -0.65467954 2.00626046
 H  -0.97648038 -0.20067943 2.00163947
 H   0.00602110 0.91292171 1.03695244
 C   1.50808543 0.16551843 3.23201539
 H   1.00942405 -1.71389472 2.30221999
 H   1.99506309 -0.64905301 1.29130617
 C   2.68458034 -0.42540504 3.98525317
Cl   1.96561170 1.81503072 2.68916179
 H   0.62958086 0.27526983 3.91191217
 C   2.94137481 0.29958029 5.29521621
 H   2.50305399 -1.50275126 4.18356259
 H   3.61074696 -0.38131363 3.36573033
 C   4.25284574 -0.11003921 5.94695402
Cl   1.62775366 -0.09142781 6.43627628
 H   2.93672569 1.40681386 5.12962930
 C   5.44692085 0.26759109 5.08358562
Cl   4.23405632 -1.88172389 6.18322990
 H   4.34584490 0.36136005 6.95581466
 C   6.76555558 -0.22018067 5.65570253
Cl   5.51077855 2.05006969 4.97404659
 H   5.29150775 -0.13529169 4.04491421
 C   7.92576070 0.02693684 4.70421260
Cl   7.07460776 0.66938953 7.17375475
 H   6.70108707 -1.31105345 5.90147628
 C   9.24698751 -0.45926705 5.27422563
Cl   7.61345665 -0.86330658 3.18475018
 H   7.99098502 1.11756095 4.45711833
 C  10.43018057 -0.07276110 4.40036613
Cl   9.18062634 -2.24291338 5.38374118
 H   9.39218028 -0.05508380 6.30885342
 C  11.75279659 -0.54331530 4.98136752
Cl  10.47934676 1.70875788 4.26807798
 H  10.29345429 -0.48802115 3.37207079
 C  12.91007793 -0.28486434 4.04819785
Cl  12.05242429 0.34339232 6.50546170
 H  11.68524946 -1.62865005 5.23575330
 H  12.98121047 0.77940262 3.78287341
 H  13.86043815 -0.57640104 4.51327539
 H  12.80469896 -0.85590775 3.11648170
$end
$temperature
298.15
$end
$mult
 1
$end
$sigma
 1
$end
$pressure
1.00000
$end
$scale
0.953
$end
$msrrho
$end
$freq
14.67
23.24
24.95
35.01
36.10
38.92
51.63
62.74
66.99
84.35
94.50
105.79
118.44
129.97
132.90
155.72
160.65
165.14
168.86
174.24
176.88
183.02
185.96
196.12
236.62
243.54
290.94
295.56
300.28
332.91
346.58
359.79
414.06
435.89
448.27
456.22
482.13
509.61
549.35
586.65
601.08
616.96
632.66
672.83
689.95
711.65
725.21
751.25
793.26
822.54
842.06
948.84
954.31
964.82
1014.77
1032.25
1040.76
1080.50
1087.12
1100.95
1103.10
1112.90
1121.46
1124.33
1131.60
1133.12
1136.48
1138.85
1141.58
1144.75
1150.35
1157.24
1167.19
1170.32
1173.45
1188.08
1196.63
1198.13
1202.24
1206.30
1211.13
1216.31
1228.20
1260.20
1274.93
1321.98
1343.30
1363.03
1377.86
1379.95
1386.26
1390.81
1395.66
1402.84
1403.44
1406.06
1409.79
1426.25
2825.06
2863.86
2867.55
2871.38
2872.78
2894.63
2898.71
2899.25
2901.96
2914.75
2954.26
2995.61
3030.71
3076.24
3076.40
3085.74
3086.07
3174.35
3178.11
$end
