$molecule
 H  -0.67091497 -0.69105430 0.92699228
 C  -0.03525686 -0.03148544 1.55270700
 C   1.42634140 -0.26158944 1.21531000
 C  -0.43993639 1.41746761 1.34540480
 H  -0.22957226 -0.32719199 2.60397267
 C   1.79208130 -1.73368376 1.25809879
Cl   2.42464462 0.59161377 2.44193468
 H   1.67463783 0.17960959 0.21807076
 C  -1.85053383 1.69066704 1.83558821
Cl  -0.38237005 1.76066843 -0.41640449
 H   0.29300357 2.10094350 1.83728912
 C   3.21066646 -1.97214090 0.77502175
 H   1.08755341 -2.31955701 0.63090748
 H   1.67641052 -2.11934614 2.29179533
 C   3.64696427 -3.41349373 0.97920947
Cl   3.29487352 -1.59228412 -0.96810027
 H   3.93103005 -1.29191344 1.30644153
 C   5.12628766 -3.60113484 0.67661076
Cl   2.71699275 -4.46123737 -0.11622778
 H   3.43579569 -3.73695564 2.02846974
 C   5.99835571 -2.84432466 1.66487355
Cl   5.50231857 -5.33638312 0.78306413
 H   5.34543531 -3.25980415 -0.36779463
 C   7.46665567 -2.85370728 1.27332522
Cl   5.83047084 -3.62249019 3.26569757
 H   5.62404389 -1.78756849 1.75479916
 C   8.33071921 -2.08183280 2.25617488
Cl   7.63100447 -2.09120969 -0.33403186
 H   7.82655600 -3.90827183 1.19033680
 C   9.80162335 -2.20679399 1.94409493
Cl   7.88295449 -0.35197868 2.16847338
 H   8.11716295 -2.42787099 3.29628091
 H  10.02323595 -1.88026079 0.91821568
 H  10.14235565 -3.24548861 2.04583072
 H  10.40032823 -1.59012279 2.62656856
 C  -2.19638712 3.16002205 1.75308544
 H  -2.57356794 1.09322460 1.24500437
 H  -1.94979271 1.33756957 2.88160337
 H  -2.10056382 3.53579380 0.72491794
 H  -1.53891494 3.76866274 2.38808241
 H  -3.22843745 3.34168912 2.07823412
$end
$temperature
298.15
$end
$mult
 1
$end
$sigma
 1
$end
$pressure
1.00000
$end
$scale
0.953
$end
$msrrho
$end
$freq
17.41
19.16
22.57
32.51
39.13
43.46
53.64
63.71
72.37
81.37
90.32
111.53
113.80
140.27
151.19
155.78
160.14
165.43
177.46
181.85
188.03
203.97
210.86
232.27
264.36
289.19
301.28
312.04
353.58
363.32
391.83
412.46
455.45
467.03
483.71
517.56
541.79
578.24
601.97
606.27
613.38
626.13
638.65
694.56
742.51
776.92
817.27
839.18
914.50
954.05
958.57
973.07
1014.74
1034.82
1068.03
1078.93
1084.58
1095.33
1101.87
1105.09
1109.91
1117.44
1126.79
1130.20
1134.94
1141.74
1144.61
1148.05
1151.64
1156.58
1163.91
1169.49
1178.93
1188.83
1195.86
1199.80
1202.46
1204.77
1211.71
1216.87
1224.11
1270.06
1289.35
1325.91
1344.86
1370.93
1374.39
1379.18
1383.40
1390.63
1395.43
1397.07
1403.11
1404.05
1406.65
1415.08
1426.07
2820.24
2843.17
2866.30
2883.69
2889.50
2894.86
2898.92
2902.01
2944.49
2949.60
2954.11
3016.22
3022.17
3030.52
3076.21
3076.32
3085.66
3085.98
3174.15
3178.14
$end
