$molecule
 H  -1.00794921 -0.71455647 0.79143773
 C  -0.51412726 -0.01779373 1.50574339
 C   0.61438165 -0.74444655 2.23792798
 H  -1.27517491 0.35514835 2.22691119
 H  -0.10945989 0.84987251 0.93307171
 C   1.33128102 0.16711115 3.23328990
 H   0.18519398 -1.61548292 2.79469288
 H   1.34859437 -1.13224832 1.48808140
 C   2.37165398 -0.57601266 4.07253599
Cl   2.21695453 1.44738486 2.29356972
 H   0.60469401 0.72003421 3.87677849
 C   2.93750264 0.30132119 5.18726258
 H   1.89076463 -1.48847516 4.51806574
 H   3.20440600 -0.92428037 3.40823953
 C   4.25165623 -0.20921011 5.79292895
Cl   1.70656996 0.39661059 6.50568070
 H   3.05844407 1.36459041 4.84070206
 C   5.48397178 0.23478535 4.98790058
Cl   4.25466026 -2.00793249 5.81047252
 H   4.34554419 0.11810620 6.86523329
 C   6.80461536 -0.27664292 5.57665265
Cl   5.53029099 2.02671681 5.00149021
 H   5.37906109 -0.07806680 3.91469022
 C   8.01961556 0.07477209 4.70661560
Cl   7.04042929 0.49941215 7.17532496
 H   6.76156989 -1.38670126 5.75396055
 C   9.34127014 -0.43409687 5.29097179
Cl   7.77968100 -0.70312880 3.10493912
 H   8.06546009 1.18498148 4.52782294
 C  10.56668359 -0.00597932 4.47353575
Cl   9.29297475 -2.23018770 5.29416264
 H   9.45566448 -0.10707910 6.36230312
 C  11.89417519 -0.51246535 5.05227407
Cl  10.59919745 1.78649189 4.44764446
 H  10.47003240 -0.34247429 3.40685430
 C  13.08997906 -0.12910002 4.20021592
Cl  12.11929574 0.20324472 6.69257016
 H  11.85833851 -1.62183155 5.20764406
 H  13.18478558 0.98208048 4.12035676
 H  14.02736413 -0.51921669 4.66575645
 H  12.99366883 -0.55609365 3.17568976
$end
$temperature
298.15
$end
$mult
 1
$end
$sigma
 1
$end
$pressure
1.00000
$end
$scale
1.093
$end
$msrrho
$end
$freq
14.09
15.59
24.40
30.68
37.72
38.83
43.76
55.69
57.94
74.15
89.99
106.16
121.72
130.01
132.18
155.60
160.06
166.53
167.48
172.55
173.44
186.46
194.28
212.95
234.87
252.25
311.88
315.51
324.82
350.32
364.13
383.13
431.37
443.45
468.48
473.52
497.84
526.81
566.74
612.68
634.07
659.17
698.02
736.35
759.43
769.83
786.96
797.36
821.02
837.90
858.74
959.66
969.29
978.87
1037.10
1044.14
1060.18
1078.01
1085.57
1116.84
1124.34
1129.65
1130.93
1134.37
1141.70
1145.46
1148.65
1153.95
1155.60
1165.73
1171.20
1177.94
1182.88
1189.54
1194.38
1199.29
1203.22
1207.25
1223.17
1252.95
1254.84
1269.83
1278.27
1285.43
1297.59
1306.86
1311.88
1318.97
1323.91
1336.90
1350.63
1352.02
1356.75
1359.26
1364.04
1371.52
1409.47
1410.41
2617.96
2620.06
2624.05
2628.54
2631.48
2633.72
2635.17
2643.51
2645.86
2650.14
2662.02
2664.27
2664.93
2667.33
2673.34
2757.40
2767.35
2847.88
2852.26
$end
