$molecule
 C  -1.89596644 1.35147357 0.68798824
 H  -1.14553245 0.78926540 1.29043583
 C  -1.28335414 2.64110874 0.15662586
 H  -1.95319850 3.14939613 -0.57816606
 H  -2.70563747 1.60170185 1.41358099
 C  -0.83594627 3.57817538 1.25575827
 H  -0.12185803 3.10078958 1.94267783
 H  -0.33418285 4.46878209 0.84981978
 H  -1.68707880 3.92881486 1.85579967
 C  -1.60156902 -1.76190443 0.54507310
 H  -1.28428635 -1.40138897 1.55190857
 H  -1.92451282 -2.81373659 0.71176147
 C  -2.80308657 -0.95401586 0.04371832
 H  -3.32964998 -1.50026151 -0.78233096
 C  -2.44295809 0.46034131 -0.41967817
 H  -1.72425542 0.38408297 -1.28117069
 C  -0.40604047 -1.71208974 -0.39955403
 H  -0.12085340 -0.64906553 -0.63277598
 C   0.80876732 -2.48743831 0.11386050
 H   1.22310403 -3.15955210 -0.67254435
 H   0.51447497 -3.17970524 0.93207303
 C   1.92597092 -1.56282855 0.59855097
 H   2.74920346 -2.14726783 1.07889503
 C   2.45958656 -0.65256810 -0.50087866
 H   2.81641308 -1.27816829 -1.35041296
 H   1.62701874 -0.04586973 -0.92687615
 C   3.57261955 0.27935922 -0.03237269
 H   3.32829936 0.77893909 0.93553076
 C   3.94613254 1.30921150 -1.09585837
 H   4.32821214 0.80364893 -2.00642203
 H   3.02875281 1.85477617 -1.41021952
 C   4.98111693 2.30463009 -0.58399327
 H   4.62317654 2.84864081 0.29808619
 H   5.91872028 1.80547456 -0.30278133
 H   5.22636212 3.04818170 -1.35160399
Cl   0.21424845 2.18985556 -0.80052836
Cl  -3.91688077 1.23579772 -1.10663968
Cl  -0.93732955 -2.41690464 -1.98204960
Cl   5.02927289 -0.75576479 0.30799415
Cl   1.23121640 -0.52190220 1.91912938
Cl  -3.96681243 -0.86714700 1.41725816
$end
$temperature
298.15
$end
$mult
 1
$end
$sigma
 1
$end
$pressure
1.00000
$end
$scale
1.093
$end
$msrrho
$end
$freq
20.39
25.76
35.98
38.80
53.23
64.13
64.66
83.87
90.25
116.49
117.75
129.05
138.70
154.26
162.43
188.82
191.92
198.68
205.79
235.98
276.29
327.16
337.71
341.43
356.59
371.33
391.80
397.66
424.91
468.99
479.05
494.83
510.15
571.34
583.96
638.50
648.60
671.20
714.06
738.59
774.12
851.61
902.28
939.81
950.18
961.81
967.87
975.70
1018.61
1035.98
1052.91
1061.43
1096.89
1110.66
1122.93
1126.49
1138.64
1147.07
1154.09
1158.41
1161.13
1168.60
1177.66
1182.10
1189.60
1192.06
1197.97
1202.11
1207.16
1208.07
1222.91
1228.07
1235.47
1240.82
1246.41
1250.02
1252.56
1253.82
1256.42
1257.02
1265.07
1266.56
1268.78
1276.97
1282.93
1286.81
1289.96
1292.32
1321.53
1328.70
1332.19
1339.63
1350.88
1351.52
1352.75
2611.08
2630.91
2641.71
2644.51
2648.52
2649.04
2656.70
2660.20
2661.22
2661.80
2670.32
2687.48
2690.66
2692.05
2696.66
2727.77
2729.13
2730.38
2732.38
2738.17
2784.85
2786.53
$end
