$molecule
 C  -1.84180306 1.33690634 0.63644520
 H  -0.97892049 0.84712616 1.14758919
 C  -1.39836232 2.62399388 -0.01525424
 H  -2.15157619 3.06108293 -0.70723436
 H  -2.56976519 1.54608073 1.45559818
 C  -0.78713932 3.61322317 0.93369812
 H   0.02874942 3.18069194 1.53224779
 H  -0.36307233 4.48014419 0.40487959
 H  -1.53690830 4.00193834 1.64061568
 C  -1.51704907 -1.74559115 0.55635619
 H  -1.17969941 -1.40424250 1.56468806
 H  -1.79834891 -2.81062040 0.71970164
 C  -2.74513284 -0.97626463 0.10272804
 H  -3.37340911 -1.54572714 -0.62108717
 C  -2.46534996 0.41934199 -0.39096505
 H  -1.92130131 0.40404855 -1.36942883
 C  -0.37702916 -1.63703258 -0.43023659
 H  -0.10894338 -0.58668380 -0.70983468
 C   0.84840866 -2.45147067 -0.06085942
 H   1.22001206 -3.02019918 -0.94506366
 H   0.60466895 -3.24330209 0.68095235
 C   1.95877302 -1.56701192 0.46592197
 H   2.79124639 -2.13552587 0.93951740
 C   2.43179313 -0.52168076 -0.51660542
 H   2.77182744 -1.01531850 -1.45470823
 H   1.58204765 0.13673167 -0.82880350
 C   3.54028222 0.32017565 0.07386749
 H   3.32726696 0.66970216 1.10891131
 C   4.01524780 1.41678542 -0.85107968
 H   4.35460018 0.99259520 -1.82030794
 H   3.15703915 2.07719349 -1.11069442
 C   5.13131607 2.22113514 -0.20658708
 H   4.80717322 2.71974590 0.71831203
 H   5.99541880 1.59080968 0.05354839
 H   5.50028415 3.00961505 -0.87823142
Cl   0.02036108 2.09739576 -1.17317114
Cl  -4.10871492 1.17365941 -0.81058363
Cl  -1.05530337 -2.37225379 -2.01354289
Cl   4.98197103 -0.87374318 0.27228120
Cl   1.18889086 -0.59097701 1.88819717
Cl  -3.77451396 -0.81676957 1.64121624
$end
$temperature
298.15
$end
$mult
 1
$end
$sigma
 1
$end
$pressure
1.00000
$end
$scale
1.0
$end
$msrrho
$end
$freq
16.52
25.69
31.84
42.09
52.03
63.78
73.01
78.58
85.21
105.26
117.25
126.08
138.75
143.81
160.93
167.17
181.45
196.70
202.62
218.93
263.15
296.21
304.90
314.52
325.01
334.25
355.28
364.81
390.74
448.73
461.15
466.58
493.89
548.17
557.00
574.54
578.74
594.74
648.12
684.47
703.09
859.54
904.84
934.42
947.28
957.59
969.44
984.99
1017.06
1030.49
1049.79
1052.95
1088.30
1098.46
1104.49
1111.82
1130.54
1139.65
1149.30
1151.68
1156.66
1160.19
1164.76
1165.34
1171.66
1174.72
1178.96
1181.10
1189.94
1194.25
1206.80
1228.44
1231.99
1240.74
1244.11
1264.47
1267.22
1267.78
1268.65
1273.19
1281.76
1283.98
1287.83
1297.67
1299.33
1301.18
1304.64
1323.62
1335.02
1342.02
1351.35
1362.07
1380.07
1393.43
1396.75
2867.51
2892.77
2894.07
2900.84
2901.97
2916.83
2925.63
2944.78
2946.15
2948.88
2952.90
2958.45
2963.24
2974.35
2982.97
2985.41
3016.61
3021.49
3021.98
3027.29
3076.97
3080.43
$end
