$molecule
 C  -2.36729156 1.38363554 -0.72365884
 H  -2.35569454 1.32382206 -1.84247781
 C  -3.28820689 0.29691733 -0.16935181
 H  -3.14645342 0.15884283 0.93081590
 H  -2.78211721 2.38493223 -0.43803749
 C  -4.74877174 0.51132710 -0.51704779
 H  -5.12696897 1.43832193 -0.02655265
 H  -4.88754645 0.60078221 -1.61972508
 H  -5.35819735 -0.35418175 -0.16008079
 C   1.47555434 2.13323358 -0.40101440
 H   2.12884772 2.71043963 -1.10325444
 H   1.48014506 2.66819074 0.58606966
 C   0.04628162 2.14089915 -0.96208174
 H  -0.32013062 3.19927225 -0.93759250
 H   0.06884516 1.80449945 -2.02928208
 C  -0.93613207 1.25214542 -0.20198376
 H  -0.60356797 0.18567602 -0.19993578
 C   2.07459481 0.74075476 -0.18486514
 H   1.54185424 0.20479319 0.63620136
 C   2.18961893 -0.11391882 -1.44286270
 H   2.81240243 0.42858512 -2.19775353
 H   1.16845305 -0.25566326 -1.87316979
 C   2.82461768 -1.49523324 -1.20641704
 H   3.90032392 -1.34859424 -0.93271424
 H   2.78233061 -2.05888938 -2.17004602
 C   2.17361574 -2.34758462 -0.10554445
 H   2.77613650 -3.28312545 0.00621156
 H   2.22891637 -1.79977664 0.86437147
 C   0.71766383 -2.73733966 -0.40165123
 H   0.13916815 -1.84385208 -0.72906842
 H   0.70744054 -3.47637614 -1.23826442
 C   0.01346979 -3.35972659 0.81735220
 H  -0.89410413 -3.90370037 0.45579099
 H   0.69592136 -4.09752040 1.30194168
 C  -0.42788399 -2.32393810 1.85615217
 H  -0.89638222 -2.84040100 2.72322674
 H   0.44042376 -1.73378058 2.22084835
 H  -1.17319871 -1.62745272 1.41237026
Cl  -2.77430743 -1.28436374 -0.91889678
Cl  -0.93921624 1.74624536 1.54388642
Cl   3.75766907 1.01970060 0.45794857
$end
$temperature
298.15
$end
$mult
 1
$end
$sigma
 1
$end
$pressure
1.00000
$end
$scale
1.093
$end
$msrrho
$end
$freq
18.32
23.34
35.38
47.10
51.63
63.75
89.67
93.54
110.32
140.88
145.87
173.84
176.32
184.89
199.72
233.42
260.82
288.98
322.39
332.71
345.16
369.24
379.27
404.17
450.96
458.45
481.47
522.05
548.22
650.15
666.09
699.87
779.87
823.76
833.13
846.05
920.72
944.78
949.54
963.40
976.71
986.95
990.31
1026.91
1036.50
1046.78
1080.76
1108.50
1112.37
1119.53
1126.06
1132.99
1143.03
1151.53
1161.71
1170.50
1177.85
1182.32
1183.91
1188.94
1191.00
1201.30
1206.22
1210.63
1218.31
1236.88
1238.53
1262.23
1271.82
1283.28
1311.06
1319.35
1320.37
1327.73
1336.22
1338.72
1345.52
1348.07
1352.28
1356.47
1359.81
1361.50
1362.68
1368.18
1372.89
1375.18
1376.03
1382.02
1384.87
1395.55
1403.40
1405.51
2622.93
2627.80
2629.58
2632.16
2638.15
2640.17
2644.91
2653.99
2655.02
2662.17
2662.85
2667.96
2672.57
2673.93
2679.97
2760.36
2763.47
2765.49
2767.23
2769.56
2771.00
2771.77
2782.78
2850.19
2858.53
$end
