$molecule
 C   1.84555346 1.36128586 -1.06036119
 H   0.93468200 0.78260718 -1.34671626
 C   1.44112480 2.67525568 -0.43423128
 H   2.27212249 3.20228053 0.08494539
 H   2.37697166 1.54436340 -2.02085259
 C   0.62162108 3.55575759 -1.33274930
 H   0.23114073 4.43519729 -0.79874198
 H   1.22093057 3.93157599 -2.17670001
 H  -0.24896841 3.03532079 -1.75953304
 C   1.89071083 -1.68780929 -0.90468607
 H   1.38867174 -1.34987170 -1.83959113
 H   2.24160269 -2.71651681 -1.14527595
 C   3.09962657 -0.81447649 -0.57963446
 H   3.72439351 -1.30467877 0.20139841
 H   3.76347399 -0.75044128 -1.46950265
 C   2.72066184 0.57319548 -0.11327473
 H   2.37094264 0.60554053 0.94457190
 C   0.89044272 -1.73498631 0.22737212
 H   0.63368158 -0.73517741 0.65265256
 C  -0.34720423 -2.56756811 -0.05607316
 H  -0.59674890 -3.20272050 0.82628528
 H  -0.16223215 -3.30227845 -0.87008331
 C  -1.54714417 -1.70933779 -0.39267219
 H  -2.43419080 -2.29978062 -0.71766166
 C  -1.87717239 -0.66703243 0.64868865
 H  -2.05822399 -1.16393014 1.62852228
 H  -0.99925888 0.00531643 0.82601778
 C  -3.07605164 0.15834358 0.24084600
 H  -3.04700070 0.49036899 -0.82102140
 C  -3.39133952 1.27066380 1.21371226
 H  -3.54728486 0.86540545 2.23629904
 H  -2.50567878 1.94232269 1.30154500
 C  -4.61295989 2.05307649 0.76329766
 H  -5.50355902 1.41195457 0.67719555
 H  -4.86250848 2.85521142 1.47267690
 H  -4.46553430 2.53146743 -0.21572747
Cl   0.26925144 2.17929258 0.98109577
Cl   4.34174690 1.52878432 -0.07254597
Cl   1.78109481 -2.60834297 1.62767540
Cl  -4.52026324 -1.04779907 0.31033199
Cl  -1.05827465 -0.73343343 -1.93638175
$end
$temperature
298.15
$end
$mult
 1
$end
$sigma
 1
$end
$pressure
1.00000
$end
$scale
1.0
$end
$msrrho
$end
$freq
20.07
26.45
36.76
47.81
54.10
70.55
74.64
87.15
104.10
114.32
125.31
140.80
143.27
168.31
183.36
188.85
202.34
216.67
250.76
284.17
298.65
309.65
324.62
332.08
340.76
351.10
377.24
447.99
454.92
472.88
476.89
523.36
546.37
572.83
579.01
597.46
653.42
693.77
849.62
860.34
901.99
930.10
952.85
960.44
984.63
993.99
1014.32
1021.66
1054.74
1057.34
1090.56
1101.30
1102.70
1111.63
1129.95
1141.07
1149.85
1152.38
1160.97
1163.13
1165.77
1170.60
1173.63
1179.11
1182.39
1186.48
1188.62
1200.01
1216.80
1227.77
1239.42
1243.12
1248.17
1268.32
1268.62
1270.64
1275.54
1281.81
1284.89
1287.59
1288.05
1296.17
1297.48
1301.29
1304.99
1308.79
1328.40
1336.25
1343.20
1350.89
1363.68
1383.43
1395.60
1396.77
2879.15
2904.04
2904.36
2914.43
2915.96
2916.41
2926.11
2940.39
2943.72
2948.40
2952.44
2962.17
2970.99
2978.58
2980.15
2984.19
2986.45
3017.17
3021.38
3021.95
3027.21
3077.08
3080.35
$end
