$molecule
 H  -0.43061303 -0.35744419 0.46945780
 C   0.06412726 0.01840204 1.37517329
 C   1.57035858 0.02418721 1.22326339
 H  -0.32432040 1.03026802 1.56352192
 H  -0.26586736 -0.60542561 2.21754432
 C   2.15304656 -1.37644399 1.05115270
Cl   2.26980907 0.72680361 2.75011711
 H   1.89502899 0.70784078 0.40121086
 C   3.64175963 -1.34239299 0.71364831
 H   1.58437406 -1.90982043 0.25355975
 H   1.98276117 -1.98153718 1.96884170
 C   4.30474706 -2.70964383 0.91011823
Cl   3.80779201 -0.78492871 -0.99257166
 H   4.18009699 -0.57691265 1.33779650
 C   5.74741365 -2.78279128 0.40218748
Cl   3.36221987 -3.96893046 0.04229891
 H   4.25737576 -2.96827504 2.00439246
 C   6.41082648 -4.14988006 0.59014409
Cl   6.69305374 -1.52580982 1.26631387
 H   5.78376342 -2.52315218 -0.69513037
 C   7.91391642 -4.15724677 0.30461269
Cl   6.21413865 -4.72952780 2.28863790
 H   5.88539197 -4.90911992 -0.05142427
 C   8.29100603 -3.53835426 -1.03827572
 H   8.27543555 -5.20846021 0.36128408
 H   8.46393854 -3.61827252 1.11245372
 C   9.75562763 -3.78081859 -1.38968463
Cl   7.27173653 -4.31730833 -2.32196667
 H   8.04050350 -2.44721721 -1.06710510
 C  10.19155102 -3.01472041 -2.63810802
 H  10.39613358 -3.49206740 -0.52626217
 H   9.93852155 -4.86743555 -1.54126364
 C  11.60797909 -3.37886215 -3.07885494
Cl  10.16511107 -1.24596486 -2.22784658
 H   9.46288042 -3.14146095 -3.47502883
 C  11.97864274 -2.71243199 -4.39917766
 H  11.68997075 -4.48124120 -3.18172978
 H  12.34002803 -3.09162424 -2.29541829
 H  11.29074546 -2.99074965 -5.20631110
 H  11.95890402 -1.61636856 -4.31843904
 H  12.98950117 -2.99562443 -4.71532965
$end
$temperature
298.15
$end
$mult
 1
$end
$sigma
 1
$end
$pressure
1.00000
$end
$scale
1.093
$end
$msrrho
$end
$freq
17.36
22.31
25.48
32.60
42.87
49.15
57.97
70.15
80.56
84.05
92.08
122.10
130.81
151.41
165.56
170.93
181.17
186.91
192.37
204.14
222.78
241.75
273.75
316.44
325.13
336.21
362.14
385.03
398.50
412.60
433.79
468.11
506.83
526.09
545.40
556.84
628.50
655.19
659.11
674.98
696.54
752.11
784.34
810.58
850.01
922.15
943.55
962.69
968.29
987.20
1037.28
1046.67
1061.71
1085.59
1112.68
1122.70
1129.14
1133.04
1139.82
1148.02
1151.16
1155.70
1158.16
1166.28
1174.19
1180.65
1188.41
1193.05
1195.28
1197.71
1200.82
1208.11
1222.67
1229.88
1234.71
1243.40
1248.01
1255.83
1259.07
1261.39
1265.37
1268.17
1271.24
1274.78
1280.03
1282.11
1283.31
1299.30
1306.87
1314.74
1318.58
1334.61
1336.33
1349.70
1351.75
1354.22
2620.28
2628.51
2630.99
2640.41
2642.80
2650.10
2651.75
2657.38
2662.02
2662.38
2671.07
2687.81
2691.54
2693.02
2696.45
2726.03
2729.85
2732.01
2738.93
2785.76
2786.60
$end
