$molecule
 C  -1.20072739 1.42447739 0.74511544
 H  -0.26163531 0.85885543 0.96789483
 C  -0.93582514 2.52167908 -0.26783615
 H  -1.89070095 3.01988976 -0.55877478
 H  -1.51247632 1.88216532 1.70560731
 C   0.08106071 3.51858939 0.22785844
 H  -0.28707010 4.04897878 1.11565596
 H   1.02696535 3.02495486 0.50144313
 H   0.30680777 4.26972603 -0.53957617
 C  -1.15291488 -1.58334424 1.26080918
 H  -0.29636955 -0.94064355 1.58827114
 H  -1.25862736 -2.37724773 2.02465563
 C  -2.41799307 -0.74346572 1.20087452
 H  -3.26873229 -1.36689087 0.85722765
 H  -2.68452680 -0.39363509 2.21751468
 C  -2.25589893 0.44479554 0.26690283
 H  -1.99692794 0.07814021 -0.76229675
 C  -0.80269920 -2.19153267 -0.08575818
 H  -0.91032101 -1.41218968 -0.88600899
 C   0.57663927 -2.83004451 -0.11253443
 H   0.76596838 -3.24196505 -1.12374158
 H   0.58237831 -3.70121508 0.57363342
 C   1.69087075 -1.87523205 0.28661114
 H   2.60249516 -2.45912377 0.52439014
 H   1.40802599 -1.34906482 1.22882223
 C   2.00417797 -0.84770636 -0.78790372
 H   2.32361042 -1.35774391 -1.71892792
 H   1.08060022 -0.28375624 -1.05124774
 C   3.07337180 0.14847980 -0.37649527
 H   3.17301573 0.93406028 -1.16222082
 C   4.42462796 -0.47664455 -0.08387629
 H   4.35792799 -1.11650165 0.81965658
 H   4.69524526 -1.15776424 -0.91532572
 C   5.49850284 0.57127715 0.10153054
 H   6.46241532 0.10992821 0.35028457
 H   5.64527167 1.16987963 -0.80742598
 H   5.24209513 1.26491846 0.91426433
Cl  -0.27173926 1.77121682 -1.76578439
Cl  -3.82879159 1.28961508 0.17821498
Cl  -1.99397965 -3.48097888 -0.45091255
Cl   2.51399034 0.99972331 1.11213419
$end
$temperature
298.15
$end
$mult
 1
$end
$sigma
 1
$end
$pressure
1.00000
$end
$scale
0.953
$end
$msrrho
$end
$freq
19.54
25.02
38.49
49.41
66.68
70.15
79.42
96.04
103.46
131.27
137.58
162.04
167.68
186.55
195.29
228.61
267.86
285.40
294.86
315.09
317.93
322.01
351.24
370.99
388.08
403.14
454.46
478.97
484.42
516.26
584.87
600.82
643.11
673.42
705.10
801.87
844.61
854.03
872.21
915.75
936.20
944.13
962.50
988.01
993.30
1018.97
1024.12
1037.57
1056.09
1074.22
1082.24
1090.27
1107.80
1118.56
1123.30
1125.59
1131.66
1136.35
1145.92
1154.62
1156.71
1162.98
1170.54
1172.14
1179.71
1192.74
1196.29
1203.15
1204.54
1212.40
1229.46
1256.46
1273.21
1277.28
1325.16
1339.99
1354.86
1374.36
1377.78
1379.09
1381.98
1387.94
1391.08
1393.30
1395.12
1398.28
1403.12
1404.92
1407.54
1409.49
1417.27
1425.31
1460.52
2827.93
2856.27
2860.62
2890.23
2907.20
2908.76
2909.52
2923.16
2949.64
2953.88
2957.87
3001.07
3002.23
3008.93
3012.51
3027.88
3031.24
3031.83
3059.51
3076.16
3085.39
3085.90
3169.64
3178.14
$end
