$molecule
 H  -4.29825472 1.64612128 3.90409981
 C  -3.41566716 1.47238949 4.53928820
 C  -2.14941183 1.99878578 3.89745629
 H  -3.37908184 0.39038318 4.73425962
 H  -3.61616103 1.96479899 5.50196170
 C  -0.92474660 1.75471796 4.76654637
Cl  -1.93699657 1.16165498 2.33008544
 H  -2.25205233 3.07775879 3.62847685
 C  -0.47563026 0.30409452 4.84064423
Cl   0.43924256 2.69193760 4.08245710
 H  -1.09129292 2.19071980 5.78166519
 C   0.50684006 0.09103734 5.98138586
 H  -1.36356208 -0.36590409 4.94327080
 H  -0.02832338 -0.01857648 3.86987641
 C   1.39162483 -1.13847981 5.82861047
Cl  -0.44367858 -0.10039110 7.48425728
 H   1.13327245 0.99935531 6.17334112
 C   2.37023546 -1.00210887 4.66471223
Cl   0.35980755 -2.54965832 5.48669111
 H   1.91282059 -1.37659414 6.79213421
 C   3.23696981 -2.23420373 4.43969364
Cl   3.41384698 0.39424213 5.02121707
 H   1.82971686 -0.72720608 3.71941967
 C   4.26481552 -2.05351085 3.32596142
Cl   4.12985796 -2.59701063 5.93467082
 H   2.58969212 -3.13387048 4.25536264
 C   5.18202927 -3.25259235 3.12901957
Cl   3.34506171 -1.76683805 1.82733874
 H   4.87917196 -1.12547713 3.48185479
 C   6.08009286 -3.15803219 1.89966852
Cl   4.18920564 -4.71867229 2.92108656
 H   5.78623729 -3.43160055 4.05954392
 C   7.05927991 -4.31806038 1.76377480
Cl   6.98915493 -1.63201849 2.02804344
 H   5.48752607 -3.06537862 0.95290040
 C   7.96632437 -4.18652663 0.56018067
Cl   8.08685668 -4.39874960 3.22537063
 H   6.51884154 -5.29641159 1.74597750
 H   8.60298995 -5.07549538 0.43218976
 H   7.39339011 -4.06585466 -0.37002935
 H   8.65091304 -3.32599193 0.62808284
$end
$temperature
298.15
$end
$mult
 1
$end
$sigma
 1
$end
$pressure
1.00000
$end
$scale
1.093
$end
$msrrho
$end
$freq
6.58
8.22
17.01
17.09
30.14
32.47
48.78
51.58
57.18
61.34
71.50
90.13
109.15
128.42
135.76
140.57
157.24
160.55
161.24
165.48
168.91
176.13
176.70
190.42
211.60
248.15
255.30
283.40
294.96
302.15
305.17
344.64
375.66
377.97
418.05
428.24
451.66
467.11
493.08
539.16
557.53
599.86
629.50
682.88
700.41
713.00
730.04
754.26
761.47
781.40
787.18
813.52
833.32
967.19
978.42
1002.32
1032.52
1055.49
1060.42
1065.77
1072.45
1085.23
1116.25
1129.99
1135.58
1148.21
1151.12
1157.81
1159.07
1161.49
1175.31
1176.47
1187.56
1190.58
1195.39
1200.15
1202.83
1205.29
1207.33
1211.94
1250.52
1268.67
1273.63
1275.47
1281.54
1281.61
1284.68
1291.78
1293.33
1299.47
1305.28
1313.22
1321.21
1326.44
1334.38
1340.41
1380.26
1394.68
1398.05
2616.50
2616.85
2622.56
2623.10
2635.45
2641.23
2646.47
2647.22
2650.05
2652.50
2659.00
2665.18
2667.14
2668.32
2673.37
2715.37
2775.40
2776.17
$end
