$molecule
 C  -2.25883427 1.19026888 -0.62249471
 H  -2.35005801 1.32726555 -1.72226588
 C  -3.05674515 -0.03113364 -0.17386402
 H  -2.70615549 -0.40548856 0.82999525
 H  -2.70958379 2.11057817 -0.18899987
 C  -4.55284974 0.18549235 -0.19892065
 H  -4.85914209 0.95591614 0.52167192
 H  -4.91032017 0.49497361 -1.19070275
 H  -5.09741907 -0.73535969 0.05774281
 C   1.53608580 2.15976026 -0.44759828
 H   2.14378157 2.75199944 -1.16371606
 H   1.55504433 2.74149575 0.50174460
 C   0.09474710 2.08092450 -0.96665710
 H  -0.35075804 3.09683939 -0.90621104
 H   0.10060842 1.81741247 -2.04605475
 C  -0.78851119 1.08212967 -0.22755103
 H  -0.41088516 0.02335098 -0.36428221
 C   2.19284855 0.80314397 -0.20085479
 H   1.70875655 0.27463825 0.65895190
 C   2.28358608 -0.09820743 -1.42605921
 H   2.97056588 0.34238820 -2.17730526
 H   1.29490865 -0.14907532 -1.92665968
 C   2.75331850 -1.51715303 -1.07528433
 H   3.80723246 -1.47578550 -0.72821398
 H   2.76068235 -2.13050186 -1.99731235
 C   1.90619965 -2.21082942 0.00005288
 H   2.33993496 -3.20723902 0.21481268
 H   1.97930277 -1.64812002 0.95405702
 C   0.43431656 -2.36342382 -0.39749057
 H   0.01143418 -1.36840297 -0.67381141
 H   0.35233290 -2.98096312 -1.31156932
 C  -0.41430523 -2.98033317 0.72282165
 H  -1.34580610 -3.39364862 0.28401157
 H   0.11899266 -3.84252146 1.16774669
 C  -0.77669530 -1.97487952 1.81371462
 H  -1.14815868 -2.47827879 2.71235818
 H   0.08341197 -1.36276417 2.11176507
 H  -1.56494497 -1.28155014 1.47722891
Cl  -2.67969104 -1.38741105 -1.33226862
Cl  -0.67727890 1.41266219 1.55288177
Cl   3.89229225 1.14665405 0.35925611
$end
$temperature
298.15
$end
$mult
 1
$end
$sigma
 1
$end
$pressure
1.00000
$end
$scale
1.093
$end
$msrrho
$end
$freq
38.71
41.94
60.74
80.15
91.34
95.84
115.97
139.23
152.81
158.94
169.35
177.71
186.41
194.24
235.97
246.16
267.08
298.65
328.95
340.56
358.78
372.56
386.20
408.20
462.54
465.59
488.99
531.09
557.87
649.21
668.35
702.49
774.81
826.53
828.40
849.27
925.10
948.69
952.60
966.80
976.18
990.13
995.42
1029.47
1037.73
1053.37
1081.36
1115.28
1120.29
1129.86
1131.12
1142.11
1149.62
1158.61
1168.45
1174.74
1185.55
1187.49
1191.42
1192.90
1202.23
1204.22
1214.88
1218.75
1225.85
1234.42
1243.13
1245.71
1248.25
1258.30
1265.79
1266.87
1267.49
1272.95
1275.00
1281.31
1281.90
1287.59
1288.06
1292.89
1295.88
1297.29
1303.75
1309.44
1313.53
1319.38
1331.47
1336.18
1343.44
1344.62
1346.56
1352.28
2537.92
2571.97
2636.86
2644.64
2653.59
2655.93
2660.23
2661.32
2665.10
2671.84
2676.52
2681.80
2687.57
2692.46
2693.45
2726.01
2731.22
2734.53
2736.28
2737.59
2738.25
2739.96
2740.90
2777.76
2785.75
$end
