$molecule
 H  -0.58877831 -0.48827787 0.32072317
 C  -0.18532668 -0.08589024 1.27840315
 C   1.31841936 -0.30735501 1.33192458
 C  -0.56247039 1.38298592 1.42787747
 H  -0.69543089 -0.68236333 2.06774621
 C   1.69564454 -1.75064445 1.02633840
Cl   1.85798475 0.04039320 3.01401601
 H   1.87741785 0.41866533 0.69705387
 C  -2.06629613 1.58486775 1.54874937
Cl  -0.00489505 2.22486074 -0.06178211
 H  -0.01409993 1.88494771 2.25491372
 C   3.20466756 -1.92525099 0.92110924
 H   1.19242700 -2.06825336 0.08145249
 H   1.28195265 -2.43586847 1.80043857
 C   3.64398314 -3.37936955 1.00545530
Cl   3.73358754 -1.24460790 -0.64113383
 H   3.73344277 -1.31385470 1.69590295
 C   5.12399597 -3.60128740 0.70444701
Cl   2.72234665 -4.33553092 -0.18262473
 H   3.35501190 -3.80273433 2.00332655
 C   6.05111372 -2.66603754 1.46713043
Cl   5.50291541 -5.28479570 1.14457118
 H   5.32573819 -3.53532278 -0.40044931
 C   7.53274311 -3.00315352 1.34581806
Cl   5.63811208 -2.74823928 3.20103963
 H   5.85770824 -1.60206508 1.16379563
 C   8.44637741 -2.01822825 2.06623625
Cl   7.91954691 -3.00749018 -0.39178049
 H   7.76044014 -4.04124862 1.70054912
 C   9.91507230 -2.32412006 1.87294911
Cl   8.13839854 -0.36760104 1.45037501
 H   8.19428452 -1.96444079 3.15397959
 H  10.24885843 -2.19592851 0.83072110
 H  10.15760527 -3.35694141 2.16018166
 H  10.55123522 -1.66341703 2.48171433
 C  -2.41321987 3.04112984 1.85072576
 H  -2.58612431 1.25594193 0.62516621
 H  -2.46280263 0.93513294 2.35733998
 H  -2.12997400 3.70832513 1.02563832
 H  -1.90514786 3.40298494 2.75238044
 H  -3.49103383 3.16714042 2.00825550
$end
$temperature
298.15
$end
$mult
 1
$end
$sigma
 1
$end
$pressure
1.00000
$end
$scale
1.093
$end
$msrrho
$end
$freq
15.70
16.94
21.52
26.97
36.63
41.49
52.75
62.28
66.62
81.51
86.55
95.35
115.02
140.15
149.31
154.85
162.82
169.03
174.34
177.97
190.32
208.98
220.35
230.90
260.30
289.13
304.35
309.02
350.36
359.46
390.26
414.51
452.11
459.29
487.98
523.97
539.27
594.09
598.98
647.11
661.89
682.63
696.17
754.00
777.61
802.77
832.43
870.43
945.48
978.86
981.46
1003.63
1037.09
1061.08
1084.01
1085.73
1092.62
1110.94
1130.42
1135.83
1144.37
1145.27
1149.95
1155.51
1160.98
1163.95
1174.68
1177.68
1184.83
1189.47
1192.63
1196.03
1200.16
1205.31
1209.77
1229.59
1252.68
1275.62
1281.47
1283.24
1286.74
1291.37
1293.47
1294.62
1297.90
1299.01
1301.43
1308.03
1316.41
1320.97
1328.98
1333.92
1340.10
1360.90
1387.32
1397.91
1407.04
2619.89
2625.85
2630.10
2640.11
2642.45
2647.09
2648.38
2650.67
2651.08
2660.93
2667.33
2668.36
2671.20
2675.48
2683.03
2722.75
2730.71
2740.50
2776.24
2781.66
$end
