$molecule
 H  -0.45192776 -0.36881970 0.52388147
 C   0.05873464 0.02448618 1.41334344
 C   1.56224191 0.02759033 1.23607594
 H  -0.32789617 1.03986553 1.58667570
 H  -0.25961905 -0.58133904 2.27304515
 C   2.14697535 -1.37491789 1.08380439
Cl   2.28711516 0.76589288 2.73388425
 H   1.87121421 0.69559849 0.39558043
 C   3.62749581 -1.34704401 0.71064227
 H   1.56137641 -1.93039545 0.31400357
 H   2.00034794 -1.95631402 2.02095067
 C   4.29272399 -2.71488401 0.89480101
Cl   3.75627677 -0.81968943 -1.00795231
 H   4.17910116 -0.57364954 1.31194706
 C   5.74685481 -2.77002080 0.41598713
Cl   3.36983731 -3.94759371 -0.02961674
 H   4.22143260 -3.00486917 1.97926329
 C   6.41110486 -4.13909613 0.58348470
Cl   6.67067734 -1.53986164 1.34018836
 H   5.80979050 -2.47580913 -0.67066868
 C   7.91471745 -4.14473165 0.29999242
Cl   6.21298371 -4.72805418 2.27875667
 H   5.88592648 -4.89383478 -0.06287854
 C   8.29459364 -3.54817015 -1.05255698
 H   8.28099189 -5.19363436 0.37576779
 H   8.46110577 -3.59222322 1.10124092
 C   9.76560900 -3.77436386 -1.38974393
Cl   7.29765615 -4.36805716 -2.32783232
 H   8.02708932 -2.46242131 -1.10608382
 C  10.20456957 -3.01129067 -2.63911562
 H  10.39538163 -3.47402689 -0.52217766
 H   9.96428918 -4.85969203 -1.53206912
 C  11.61987845 -3.37741591 -3.08208273
Cl  10.18210520 -1.24177432 -2.23217367
 H   9.47481910 -3.13576267 -3.47522069
 C  11.98945385 -2.71791199 -4.40609533
 H  11.70174649 -4.48041194 -3.17984969
 H  12.35510371 -3.08782536 -2.30232532
 H  11.30575273 -3.00499339 -5.21365711
 H  11.96529532 -1.62147094 -4.33339188
 H  13.00235034 -2.99825887 -4.71863152
$end
$temperature
298.15
$end
$mult
 1
$end
$sigma
 1
$end
$pressure
1.00000
$end
$scale
1.093
$end
$msrrho
$end
$freq
13.81
19.07
23.32
29.25
37.61
45.11
52.89
60.09
72.02
79.66
85.09
113.04
124.81
144.82
157.04
165.11
171.39
174.92
181.60
197.57
215.63
235.06
268.87
313.72
320.44
329.99
355.58
379.08
394.21
406.91
427.57
464.80
503.26
520.74
539.00
553.96
624.33
653.87
657.57
674.10
697.68
750.33
784.79
811.78
843.78
915.70
939.01
957.99
963.91
982.54
1034.34
1041.81
1058.14
1083.73
1110.20
1119.01
1124.81
1130.06
1136.40
1143.46
1145.83
1149.33
1156.50
1162.85
1169.65
1176.36
1184.57
1187.68
1191.10
1193.51
1195.52
1202.20
1214.74
1224.20
1228.44
1241.30
1245.30
1249.93
1254.18
1255.40
1255.92
1256.96
1263.70
1268.83
1272.91
1275.26
1278.76
1283.56
1293.33
1299.02
1313.06
1327.90
1329.58
1342.55
1347.03
1347.92
2623.69
2631.77
2632.92
2642.75
2644.85
2651.16
2652.01
2658.32
2662.59
2663.39
2671.63
2687.65
2691.76
2693.20
2696.79
2726.50
2730.51
2732.78
2739.60
2787.12
2788.06
$end
