$molecule
 H  -3.88596500 0.65294134 3.12815515
 C  -3.21360892 0.71065389 3.99295527
 C  -2.13686506 1.74837745 3.78265317
 H  -2.76937808 -0.28781250 4.14686998
 H  -3.82142193 0.94205508 4.87706808
 C  -1.05144473 1.66971279 4.84331777
Cl  -1.39280933 1.47134659 2.17835949
 H  -2.56971305 2.77546204 3.76550332
 C  -0.31626169 0.34352389 4.82721228
Cl   0.11871615 2.98232618 4.53362150
 H  -1.49858385 1.84485975 5.85203059
 C   0.58610388 0.17831853 6.03519446
 H  -1.06749641 -0.48143353 4.77967591
 H   0.29701072 0.24810132 3.89932982
 C   1.49929290 -1.03236846 5.92225430
Cl  -0.42675756 -0.04189960 7.48698532
 H   1.20345089 1.10035644 6.18179255
 C   2.46784313 -0.89264684 4.75758303
Cl   0.48244132 -2.48079275 5.67319029
 H   2.06474780 -1.17943774 6.87478885
 C   3.32459421 -2.12870203 4.55284450
Cl   3.55012158 0.48764598 5.09997404
 H   1.88867413 -0.65176153 3.82356662
 C   4.16999231 -2.03402113 3.29236411
Cl   4.41467880 -2.28788065 5.95929309
 H   2.67989052 -3.04364223 4.51014330
 C   5.02595659 -3.27137431 3.08374624
Cl   3.07735568 -1.86899540 1.88669155
 H   4.81744655 -1.12095040 3.33506315
 C   5.98589269 -3.11824510 1.91414551
Cl   3.93593169 -4.64861390 2.74720092
 H   5.59965075 -3.50537393 4.01692010
 C   6.85277404 -4.34999414 1.71534509
Cl   7.05797145 -1.72592802 2.23946271
 H   5.41308935 -2.89751983 0.98042277
 C   7.70018841 -4.25605853 0.47037392
Cl   7.94188062 -4.51285415 3.12474799
 H   6.20806791 -5.26145386 1.68631648
 H   8.36292277 -5.12631328 0.38136649
 H   7.07687869 -4.21673942 -0.43256034
 H   8.33102558 -3.35605539 0.48167390
$end
$temperature
298.15
$end
$mult
 1
$end
$sigma
 1
$end
$pressure
1.00000
$end
$scale
0.953
$end
$msrrho
$end
$freq
14.33
20.21
23.15
32.16
35.32
38.35
51.85
59.08
64.45
69.05
88.81
98.12
114.87
128.14
130.13
147.26
155.61
158.17
161.64
169.09
173.60
174.28
180.99
197.99
212.81
242.85
275.12
291.63
298.49
300.95
317.30
345.01
371.27
392.36
414.90
437.46
447.27
478.07
492.69
535.38
546.65
590.90
608.92
631.60
648.45
677.31
688.72
689.83
715.85
733.08
753.69
793.44
822.61
953.76
956.08
980.33
1012.43
1014.73
1045.92
1062.29
1080.78
1087.70
1103.21
1111.70
1121.59
1121.89
1126.63
1132.85
1137.16
1140.49
1141.66
1148.57
1159.06
1160.33
1169.70
1172.19
1182.00
1193.44
1196.84
1199.25
1206.35
1210.32
1213.93
1229.01
1247.27
1261.80
1275.39
1310.87
1329.70
1362.60
1374.96
1382.10
1390.87
1391.55
1395.46
1395.67
1403.40
1406.13
1429.88
2822.96
2864.21
2868.16
2871.68
2874.42
2885.09
2894.27
2896.29
2898.46
2899.24
2920.88
2955.39
3043.76
3076.45
3085.91
3088.62
3165.87
3174.28
$end
