$molecule
 C   1.89239475 1.39306701 -1.01890402
 H   0.98442456 0.77988355 -1.26013836
 C   1.44633343 2.72265687 -0.41690601
 H   2.30163480 3.29462556 0.01845381
 H   2.42632187 1.59690772 -1.98351465
 C   0.62907828 3.56741874 -1.37386651
 H   0.25181307 4.48192762 -0.85590992
 H   1.25998610 3.88358922 -2.23750238
 H  -0.24937437 2.99699393 -1.75862503
 C   1.94368996 -1.70576295 -0.89014869
 H   1.41944201 -1.31401311 -1.79780820
 H   2.33082825 -2.72754787 -1.14357876
 C   3.15197757 -0.81221165 -0.57581819
 H   3.77117524 -1.30711177 0.21955487
 H   3.77792208 -0.74173944 -1.50202943
 C   2.80568454 0.59746570 -0.09140379
 H   2.42002455 0.58005640 0.95752415
 C   0.94416053 -1.81917117 0.25912403
 H   0.72841402 -0.82713146 0.71837284
 C  -0.35023061 -2.55166768 -0.10687693
 H  -0.68991526 -3.17231124 0.76909294
 H  -0.14986252 -3.26220633 -0.95048084
 C  -1.52380000 -1.65014616 -0.48827637
 H  -2.41403084 -2.28399820 -0.74074909
 C  -1.88229417 -0.58842566 0.54543305
 H  -1.91864664 -1.06554437 1.55987111
 H  -1.09036320 0.20597930 0.56774097
 C  -3.21814059 0.09436293 0.25253250
 H  -3.31790703 0.36352665 -0.82647708
 C  -3.46439539 1.30457036 1.15248348
 H  -3.54756771 0.97078049 2.21678340
 H  -2.58573796 1.99624791 1.06900115
 C  -4.73315280 2.06249312 0.76192147
 H  -5.62389262 1.39648729 0.84624343
 H  -4.87426546 2.93180998 1.44316608
 H  -4.66276276 2.43438948 -0.28419162
Cl   0.36802829 2.34394130 1.01662752
Cl   4.38575585 1.49923351 0.01911455
Cl   1.75674278 -2.76301920 1.58540385
Cl  -4.53114269 -1.12738733 0.56068440
Cl  -1.12587788 -0.78769206 -2.04334302
$end
$temperature
298.15
$end
$mult
 1
$end
$sigma
 1
$end
$pressure
1.00000
$end
$scale
1.093
$end
$msrrho
$end
$freq
11.27
18.57
30.92
41.33
52.67
58.88
72.13
75.58
93.73
100.75
122.27
134.46
148.64
176.74
180.44
193.77
197.87
225.58
252.16
306.81
318.64
337.39
344.21
347.29
373.86
382.75
403.71
458.32
470.09
480.54
486.34
529.31
582.95
635.74
644.62
667.12
698.16
728.73
842.39
854.70
890.47
940.14
951.06
956.31
975.99
977.09
1009.31
1033.70
1041.29
1058.18
1103.12
1111.32
1116.23
1119.91
1130.30
1133.14
1144.85
1155.63
1156.52
1163.27
1172.90
1179.53
1181.77
1186.12
1191.36
1196.24
1207.31
1208.95
1228.05
1237.84
1243.35
1260.49
1270.63
1277.04
1280.91
1290.69
1323.24
1327.44
1332.86
1340.28
1344.02
1346.84
1350.09
1353.73
1355.41
1358.11
1359.08
1359.78
1364.88
1367.08
1368.64
1376.38
1403.32
1410.05
2616.77
2620.59
2625.85
2627.63
2630.41
2634.78
2650.88
2652.99
2660.89
2662.27
2665.33
2666.63
2667.76
2672.19
2674.05
2756.71
2760.21
2761.05
2765.30
2766.61
2768.69
2849.16
2852.49
$end
