$molecule
 H  -0.47606314 -0.42130230 0.55273540
 C   0.03687635 0.00419677 1.44657671
 C   1.53850428 0.01100120 1.23245576
 H  -0.33156788 1.04648678 1.60639076
 H  -0.23546859 -0.60032055 2.34327099
 C   2.13444246 -1.39202550 1.11661507
Cl   2.29613383 0.80823840 2.68447702
 H   1.82415314 0.65369093 0.36353706
 C   3.60835399 -1.36083468 0.71336181
 H   1.54491766 -1.96678085 0.35220794
 H   2.02868399 -1.92422779 2.09736999
 C   4.28299571 -2.72530816 0.88804848
Cl   3.70237218 -0.85751274 -1.01537439
 H   4.16882675 -0.57690330 1.29201886
 C   5.74711777 -2.75288934 0.43523581
Cl   3.38911820 -3.93905282 -0.08882154
 H   4.19444375 -3.04626359 1.96172415
 C   6.42135503 -4.11900578 0.58563480
Cl   6.64195370 -1.53684856 1.40565551
 H   5.82072730 -2.42703456 -0.64113204
 C   7.92660565 -4.12010067 0.30390037
Cl   6.22851159 -4.71882323 2.27890060
 H   5.89589012 -4.87293137 -0.06184707
 C   8.31203861 -3.52581054 -1.04927011
 H   8.28155405 -5.18295218 0.36378586
 H   8.45850932 -3.53682162 1.10506005
 C   9.77228246 -3.79844427 -1.40631442
Cl   7.27434967 -4.29618352 -2.32362217
 H   8.08234873 -2.43088840 -1.09363962
 C  10.22264192 -3.02028087 -2.64416305
 H  10.41808821 -3.51259529 -0.53505621
 H   9.91322952 -4.89357459 -1.59788848
 C  11.62269599 -3.41701209 -3.11297543
Cl  10.25441582 -1.25971578 -2.19504992
 H   9.47822353 -3.09954246 -3.47332568
 C  12.00095729 -2.73414181 -4.42774407
 H  11.65134352 -4.52612145 -3.25824903
 H  12.37236265 -3.14343832 -2.32894707
 H  11.28351208 -3.00696088 -5.23350541
 H  11.99415780 -1.62529384 -4.30454288
 H  13.02319750 -3.05034326 -4.73493211
$end
$temperature
298.15
$end
$mult
 1
$end
$sigma
 1
$end
$pressure
1.00000
$end
$scale
1.093
$end
$msrrho
$end
$freq
12.07
19.82
23.52
26.98
37.13
43.33
52.44
56.66
69.06
77.53
84.49
111.93
124.73
144.89
154.93
164.25
170.26
175.23
183.65
195.47
213.95
235.13
265.71
313.00
320.11
330.47
354.88
378.82
396.95
408.01
427.57
467.19
506.41
521.46
540.67
553.93
621.20
654.20
656.89
674.77
699.47
750.26
784.83
813.17
853.64
918.06
940.38
959.57
964.63
985.14
1035.05
1039.10
1059.16
1082.82
1106.22
1115.92
1123.64
1126.43
1134.23
1140.98
1143.36
1146.36
1155.61
1162.09
1166.85
1175.37
1181.69
1184.31
1189.97
1191.13
1193.22
1201.14
1213.63
1221.10
1230.87
1254.19
1258.81
1272.19
1274.49
1279.69
1295.33
1302.86
1322.46
1336.76
1339.50
1347.29
1351.51
1352.86
1353.19
1359.10
1359.32
1360.20
1366.91
1370.89
1403.69
1410.64
2615.24
2620.06
2624.28
2627.31
2634.26
2635.16
2639.85
2646.55
2653.82
2654.09
2662.54
2663.63
2667.35
2673.39
2673.52
2753.84
2758.03
2760.70
2767.97
2850.05
2852.28
$end
