$molecule
 C   1.96414969 1.37393673 -1.16636342
 H   1.29782611 0.66742896 -1.71018182
 C   1.16722198 2.56778629 -0.66682936
 H   1.76671962 3.24162659 -0.01690869
 H   2.67729206 1.71167980 -1.95329287
 C   0.46967774 3.30687702 -1.78539877
 H  -0.15833410 4.12853762 -1.41025818
 H   1.19359890 3.75140199 -2.48255048
 H  -0.18746825 2.64974267 -2.37559860
 C   2.04063484 -1.69877748 -0.82163898
 H   1.60403012 -1.39363117 -1.79739674
 H   2.45869238 -2.71196176 -1.00801888
 C   3.18685184 -0.74749210 -0.44733854
 H   3.77763487 -1.18645422 0.38820414
 H   3.89792162 -0.68687522 -1.29827283
 C   2.69976530 0.64244293 -0.05656666
 H   2.13409317 0.61957451 0.90159644
 C   0.94521763 -1.75810156 0.23074028
 H   0.66350512 -0.74199164 0.59065191
 C  -0.28003513 -2.56001468 -0.20130028
 H  -0.57019689 -3.30394361 0.57697007
 H  -0.04301398 -3.18717387 -1.08813585
 C  -1.48892741 -1.67514955 -0.49105885
 H  -2.31817114 -2.26327492 -0.94907342
 C  -1.96191500 -0.89712988 0.72793989
 H  -2.37765768 -1.61779591 1.47078983
 H  -1.10146337 -0.43116631 1.26055443
 C  -2.98619312 0.18393232 0.41524697
 H  -2.68195362 0.84908519 -0.42256149
 C  -3.36886773 0.98950444 1.64854392
 H  -3.93927532 0.36974317 2.36983563
 H  -2.45006773 1.30057029 2.19109321
 C  -4.17450470 2.22956829 1.26720876
 H  -5.11736062 1.96657508 0.77094441
 H  -4.42865068 2.82439099 2.15224228
 H  -3.61318013 2.88068186 0.58587244
Cl  -0.13623759 1.94831154 0.43257272
Cl   4.16243724 1.61941346 0.33895019
Cl   1.64038383 -2.54272397 1.69200645
Cl  -4.46622286 -0.64909049 -0.19293010
Cl  -1.00622857 -0.52901623 -1.79381493
$end
$temperature
298.15
$end
$mult
 1
$end
$sigma
 1
$end
$pressure
1.00000
$end
$scale
1.093
$end
$msrrho
$end
$freq
22.17
27.02
34.05
39.05
47.83
67.49
70.45
79.64
99.90
109.69
128.68
129.71
138.00
163.77
175.66
191.86
201.82
231.47
246.53
299.53
306.79
312.18
332.84
338.70
355.45
367.80
386.84
453.49
462.51
471.74
479.99
520.23
559.47
633.33
642.58
669.86
704.76
728.85
853.94
872.56
912.53
957.36
963.59
980.84
984.35
990.27
1023.55
1047.24
1063.10
1088.96
1098.10
1112.34
1129.58
1134.70
1139.93
1144.98
1152.23
1162.20
1162.82
1182.50
1188.46
1191.72
1193.39
1197.48
1202.92
1210.57
1217.92
1228.03
1236.46
1241.41
1249.03
1272.45
1276.54
1281.07
1285.08
1288.02
1290.93
1294.68
1297.87
1300.31
1303.16
1307.78
1312.87
1320.09
1326.39
1333.81
1339.59
1341.87
1361.64
1373.86
1379.56
1393.74
1397.94
1406.91
2631.09
2636.31
2637.99
2639.43
2649.18
2650.25
2655.93
2659.06
2664.79
2668.21
2669.18
2670.21
2676.31
2681.12
2682.80
2724.58
2729.07
2732.96
2734.42
2736.19
2740.07
2777.63
2781.66
$end
