$molecule
 C  -2.33438576 1.36332852 -0.84476447
 H  -2.21433432 0.92536759 -1.87239532
 C  -3.31896467 0.52656371 -0.04978953
 H  -3.26564367 0.78682543 1.03997564
 H  -2.76272411 2.39447545 -0.97035166
 C  -4.72631766 0.70866602 -0.56522096
 H  -5.03801827 1.77389201 -0.43195726
 H  -4.79115934 0.45156624 -1.65005117
 H  -5.43894280 0.05789397 -0.00285965
 C   1.44802131 2.17269374 -0.62988162
 H   2.08557928 2.62746361 -1.43604755
 H   1.44326579 2.89031326 0.23522710
 C   0.04047688 2.03750076 -1.16846144
 H  -0.30803712 3.05549494 -1.49308668
 H   0.04933479 1.38387945 -2.08286045
 C  -0.96574956 1.45763688 -0.19152205
 H  -0.63063624 0.44589295 0.15999227
 C   2.07970605 0.86713635 -0.17765463
 H   1.49770493 0.42377472 0.67155753
 C   2.21291590 -0.13527816 -1.30702797
 H   2.79817044 0.33014979 -2.14478125
 H   1.18103628 -0.35428612 -1.69597524
 C   2.87385147 -1.44057960 -0.91938801
 H   3.89150284 -1.23145348 -0.49308230
 H   3.02594720 -2.04302376 -1.85572453
 C   2.09293227 -2.27006634 0.07703727
 H   2.72782312 -3.14734423 0.37650606
 H   1.90468682 -1.67201191 1.00738019
 C   0.77676827 -2.77538046 -0.47542734
 H   0.04707442 -1.92510226 -0.55116331
 H   0.93677825 -3.17081478 -1.51368370
 C   0.17793155 -3.87332742 0.37936149
 H  -0.68570002 -4.32937876 -0.17471451
 H   0.93750891 -4.68518431 0.53250408
 C  -0.30195423 -3.37274268 1.71716293
 H  -0.76462386 -4.20627820 2.29893614
 H   0.54740718 -2.95758976 2.31201810
 H  -1.06572509 -2.56757853 1.58585106
Cl  -2.87122395 -1.19048925 -0.12293557
Cl  -1.06435233 2.44355265 1.28005221
Cl   3.66863388 1.24715944 0.52577183
$end
$temperature
298.15
$end
$mult
 1
$end
$sigma
 1
$end
$pressure
1.00000
$end
$scale
0.961
$end
$msrrho
$end
$freq
8.23
16.43
24.30
32.46
35.30
55.62
63.48
85.61
86.70
136.80
153.57
166.97
169.13
189.10
191.36
250.74
267.77
299.27
318.18
337.72
358.45
381.13
396.16
414.15
452.88
492.24
513.77
538.81
568.72
705.29
715.58
744.15
801.92
834.24
864.19
882.46
953.42
983.25
992.04
1009.03
1012.73
1035.60
1043.12
1060.47
1084.77
1090.92
1118.76
1132.25
1134.70
1145.90
1191.32
1192.01
1197.29
1200.03
1209.58
1216.28
1221.69
1224.92
1234.54
1235.67
1243.17
1252.26
1253.15
1257.45
1277.39
1284.12
1289.54
1292.30
1326.70
1336.36
1352.46
1384.15
1389.55
1391.47
1392.78
1395.11
1396.42
1396.82
1402.49
1403.07
1404.78
1406.39
1409.70
1412.31
1413.89
1417.09
1421.52
1426.80
1433.34
1434.69
1440.48
1447.63
2999.23
2999.83
3004.27
3006.47
3010.65
3012.72
3015.00
3021.89
3024.86
3028.06
3033.13
3058.62
3058.84
3060.74
3065.56
3075.08
3078.53
3079.93
3082.77
3083.75
3085.18
3090.07
3095.21
3154.23
3154.78
$end
