$molecule
 H  -0.55939670 -0.45052418 0.22833764
 C  -0.22485999 -0.08104767 1.22379054
 C   1.28011287 -0.28714280 1.36256026
 C  -0.63488556 1.38113505 1.39535500
 H  -0.76653994 -0.70625110 1.96707628
 C   1.69760549 -1.72029529 1.04220935
Cl   1.72629834 0.04047346 3.09356679
 H   1.85786411 0.45209718 0.75090880
 C  -2.15179497 1.56083819 1.41229710
Cl   0.02617530 2.30152217 -0.02359612
 H  -0.16379739 1.83966265 2.29818062
 C   3.21488551 -1.88332273 1.02482080
 H   1.26712003 -2.01308326 0.05484573
 H   1.24794081 -2.43070102 1.77089204
 C   3.65184136 -3.34935798 1.09843576
Cl   3.84514661 -1.11369514 -0.47682900
 H   3.68851907 -1.32329558 1.87848115
 C   5.12147068 -3.59010855 0.72100508
Cl   2.64315142 -4.35214014 0.00435437
 H   3.44651847 -3.73164783 2.13804472
 C   6.09752927 -2.66923971 1.46144694
Cl   5.48272121 -5.30867103 1.09661428
 H   5.26307189 -3.47226243 -0.39150753
 C   7.57187142 -3.03840859 1.26722574
Cl   5.74000069 -2.72214796 3.22189903
 H   5.93059929 -1.60490768 1.12915469
 C   8.54375514 -2.11515445 2.01423321
Cl   7.90526540 -2.97461639 -0.49350833
 H   7.76871466 -4.09453943 1.59694223
 C   9.99306390 -2.43220786 1.70802129
Cl   8.24531096 -0.39421627 1.56501334
 H   8.35333563 -2.17806141 3.11753928
 H  10.25730062 -2.21465209 0.66048136
 H  10.23023122 -3.48862826 1.88839019
 H  10.67121184 -1.82709975 2.32717143
 C  -2.54749947 2.99974728 1.72491386
 H  -2.58575313 1.25610904 0.43710733
 H  -2.59527325 0.87953617 2.16829524
 H  -2.16431801 3.69795862 0.96732894
 H  -2.15990354 3.32962789 2.69602580
 H  -3.63758070 3.11424855 1.74882134
$end
$temperature
298.15
$end
$mult
 1
$end
$sigma
 1
$end
$pressure
1.00000
$end
$scale
1.093
$end
$msrrho
$end
$freq
19.02
20.47
24.40
31.73
43.19
48.01
48.54
62.26
75.74
88.11
94.60
103.79
120.23
142.42
151.58
157.29
166.38
170.69
176.49
193.08
208.84
221.65
226.14
248.84
281.70
311.33
325.33
330.35
378.21
386.05
415.54
441.44
463.67
473.53
509.60
543.79
548.32
619.61
628.24
654.45
667.44
689.69
698.73
761.76
781.02
808.60
832.69
850.91
932.76
967.24
973.29
990.41
1039.48
1055.44
1060.31
1100.48
1104.66
1116.35
1122.80
1137.10
1140.81
1146.49
1149.39
1155.54
1158.23
1166.20
1173.31
1181.62
1183.47
1189.58
1193.19
1201.76
1204.27
1208.82
1210.87
1220.23
1237.73
1239.73
1255.37
1255.99
1258.70
1260.50
1266.30
1268.12
1272.13
1273.11
1281.39
1283.05
1289.87
1296.72
1308.91
1318.78
1326.37
1337.43
1348.82
1350.99
1353.17
2617.33
2623.07
2627.68
2638.08
2642.92
2644.35
2649.06
2649.52
2656.61
2661.23
2671.03
2681.73
2689.95
2691.55
2696.55
2725.00
2731.89
2738.99
2783.79
2786.58
$end
