$molecule
 H  -4.58649864 1.80979360 4.37659875
 C  -3.63739423 1.73723860 4.96218324
 C  -2.44558253 1.96978861 4.04684242
 H  -3.59578630 0.72359249 5.42639575
 H  -3.66240227 2.50448051 5.77081549
 C  -1.11124567 1.78238857 4.78024562
Cl  -2.57741986 0.80148924 2.67402446
 H  -2.49997289 2.98442140 3.57381802
 C  -0.57582700 0.35324173 4.77789832
Cl   0.13478619 2.84260872 4.00815061
 H  -1.21048910 2.17116615 5.82884557
 C   0.54694601 0.17201912 5.79674358
 H  -1.42160962 -0.35217704 5.00659528
 H  -0.19543434 0.09316142 3.75324954
 C   1.37871207 -1.10229736 5.60412316
Cl  -0.19501056 0.12123429 7.44331950
 H   1.21822387 1.07386003 5.81829214
 C   2.48672753 -0.93394786 4.55146612
Cl   0.31957534 -2.43918882 5.03830186
 H   1.81725167 -1.43584862 6.58516548
 C   3.33333066 -2.19912182 4.36476006
Cl   3.57235405 0.38318188 5.09960277
 H   2.04539823 -0.60369149 3.57290627
 C   4.36442718 -2.06453249 3.23539062
Cl   4.23246564 -2.49860748 5.88662117
 H   2.67791308 -3.09655059 4.18847220
 C   5.21107145 -3.32733575 3.04518900
Cl   3.46131021 -1.76109367 1.71302486
 H   5.02225250 -1.16838954 3.41061742
 C   6.30390463 -3.16530363 1.98094801
Cl   4.12228391 -4.65096241 2.50681913
 H   5.66595982 -3.65347242 4.02207974
 C   7.15514430 -4.42606383 1.78239889
Cl   7.37533309 -1.82707552 2.50681398
 H   5.85858550 -2.85499063 0.99815286
 C   8.19281524 -4.26684803 0.68660685
Cl   8.01679207 -4.78968818 3.32488688
 H   6.50210074 -5.31483728 1.58291374
 H   8.78393093 -5.20911216 0.58494652
 H   7.70152231 -4.04472014 -0.28841147
 H   8.90596076 -3.44018391 0.92764818
$end
$temperature
298.15
$end
$mult
 1
$end
$sigma
 1
$end
$pressure
1.00000
$end
$scale
1.093
$end
$msrrho
$end
$freq
12.37
17.11
19.03
30.75
33.58
39.01
44.13
47.57
56.66
63.82
86.23
92.96
120.32
123.74
129.94
144.71
158.25
163.10
168.01
172.03
172.76
174.74
186.07
194.80
220.71
252.01
271.67
302.12
313.87
319.53
327.78
361.67
402.94
415.54
437.47
458.39
465.88
486.07
509.65
550.72
562.77
609.34
634.79
697.97
706.08
721.07
745.98
765.06
770.66
790.93
797.00
821.48
838.10
960.55
968.82
992.95
1027.83
1037.31
1052.42
1076.69
1082.03
1097.04
1119.79
1128.77
1130.10
1134.63
1140.47
1145.66
1148.24
1157.39
1160.64
1165.96
1172.95
1178.66
1184.01
1192.58
1198.31
1203.27
1205.32
1210.66
1229.18
1255.00
1267.26
1270.04
1278.87
1285.48
1288.80
1296.55
1306.94
1313.05
1318.86
1336.96
1339.50
1346.77
1350.64
1361.38
1366.42
1404.44
1409.57
2609.68
2620.07
2624.25
2628.62
2632.14
2635.08
2643.43
2644.24
2647.42
2647.71
2649.92
2659.89
2661.93
2664.77
2667.92
2752.07
2847.82
2848.49
$end
