$molecule
 C  -1.16453682 1.41708157 0.64052913
 H  -0.21319208 0.84522435 0.74700225
 C  -1.03579059 2.43163630 -0.48760811
 H  -2.01858843 2.89342327 -0.74632242
 H  -1.27240825 1.95199846 1.61001841
 C   0.03030545 3.47196751 -0.22551318
 H  -0.23076479 4.10481822 0.63343831
 H   1.00853561 3.01525481 -0.00857326
 H   0.17274046 4.13517846 -1.09010127
 C  -1.01300384 -1.57820340 1.27392047
 H  -0.14835757 -0.99844731 1.67185166
 H  -1.10305766 -2.46973938 1.92902588
 C  -2.29500811 -0.74554537 1.39126800
 H  -3.18168117 -1.38854668 1.19262559
 H  -2.41262073 -0.40305636 2.44021853
 C  -2.32159136 0.44710414 0.43719841
 H  -2.39957229 0.09921637 -0.62319562
 C  -0.69142059 -2.01031311 -0.15345985
 H  -0.64651628 -1.13211745 -0.84704680
 C   0.58290316 -2.84686221 -0.26840563
 H   0.68629303 -3.22064844 -1.30899332
 H   0.49956360 -3.75711831 0.36008722
 C   1.83784842 -2.05904534 0.12973940
 H   2.71351473 -2.73762127 0.10782450
 H   1.74959486 -1.72260487 1.18362266
 C   2.08598547 -0.85927061 -0.79137665
 H   2.41385338 -1.21527501 -1.79041439
 H   1.12635122 -0.32613909 -0.98047656
 C   3.10607807 0.13809445 -0.25697326
 H   3.23432790 0.98194714 -0.97722478
 C   4.45040568 -0.47127449 0.12625091
 H   4.33683717 -1.13005164 1.01273487
 H   4.79638600 -1.13321464 -0.69518926
 C   5.49924786 0.59760856 0.41235118
 H   6.45599286 0.14632812 0.70064487
 H   5.68614022 1.23408574 -0.46009363
 H   5.18825101 1.25429477 1.23693445
Cl  -0.52893030 1.51218437 -1.98974369
Cl  -3.86338209 1.35685807 0.75638227
Cl  -2.06222769 -3.03853824 -0.75151308
Cl   2.39827163 0.91577357 1.23963623
$end
$temperature
298.15
$end
$mult
 1
$end
$sigma
 1
$end
$pressure
1.00000
$end
$scale
1.093
$end
$msrrho
$end
$freq
22.63
24.37
41.08
47.90
58.78
78.79
87.05
92.75
96.84
122.73
141.57
150.23
176.14
184.70
203.90
213.96
250.38
276.99
289.49
315.40
326.30
335.90
356.54
378.71
398.20
419.21
444.90
482.91
487.40
522.36
606.74
635.81
647.13
698.49
728.08
790.82
850.83
853.85
879.66
929.19
942.44
954.85
979.81
999.30
1011.03
1037.99
1045.57
1063.19
1091.58
1110.99
1112.03
1128.51
1130.42
1143.92
1156.23
1157.40
1163.13
1167.55
1170.61
1178.36
1186.07
1194.85
1198.01
1202.52
1207.08
1210.13
1218.76
1234.28
1241.13
1243.24
1248.85
1249.82
1254.18
1258.12
1261.63
1264.86
1266.27
1271.83
1274.66
1275.22
1280.92
1283.49
1285.45
1288.01
1308.81
1313.52
1320.98
1329.92
1332.71
1345.90
1347.66
1349.85
1351.26
2636.85
2642.90
2647.96
2651.69
2652.44
2658.54
2663.15
2664.18
2669.33
2669.44
2675.82
2690.23
2691.29
2691.91
2697.31
2726.65
2729.26
2733.41
2737.53
2738.83
2740.78
2742.84
2786.77
2786.84
$end
