$molecule
 C  -1.19343918 1.42300556 0.71807103
 H  -0.21672845 0.90505702 0.87602981
 C  -1.05466994 2.43538620 -0.39369899
 H  -2.02213717 2.86145472 -0.73738043
 H  -1.38988410 1.94220836 1.68292740
 C   0.02270971 3.45381005 -0.15677076
 H  -0.24610843 4.13385475 0.66623056
 H   0.98942902 2.99112760 0.10708075
 H   0.20079036 4.07705285 -1.04547915
 C  -1.05493558 -1.57175614 1.29793635
 H  -0.24274005 -1.01895162 1.82026113
 H  -1.19248102 -2.49411031 1.90447479
 C  -2.35286307 -0.76649612 1.31854968
 H  -3.20917559 -1.41313671 1.02047178
 H  -2.58618624 -0.45485031 2.35987903
 C  -2.29970027 0.44073231 0.41066950
 H  -2.39014426 0.18093156 -0.66973084
 C  -0.61125133 -1.92817626 -0.10220149
 H  -0.50680826 -1.04977846 -0.78607774
 C   0.60521637 -2.82855956 -0.16638481
 H   0.67655343 -3.28730749 -1.17682041
 H   0.49274936 -3.69560705 0.51881054
 C   1.88006586 -2.05152461 0.15942894
 H   2.73980413 -2.75493293 0.18761712
 H   1.83123446 -1.63017540 1.18675593
 C   2.12952527 -0.94954551 -0.86546151
 H   2.47327956 -1.38623276 -1.82892762
 H   1.17721361 -0.42346691 -1.12652112
 C   3.13594439 0.07236812 -0.39462978
 H   3.26146316 0.90544580 -1.12028564
 C   4.44347809 -0.48279402 0.11664103
 H   4.28953920 -1.06985555 1.04741492
 H   4.84917837 -1.21171773 -0.61856328
 C   5.44204536 0.63457737 0.37201816
 H   6.38302471 0.24946557 0.79045642
 H   5.70573958 1.18049792 -0.54532932
 H   5.05178608 1.37458405 1.08735561
Cl  -0.45661484 1.41259731 -1.88180379
Cl  -3.88328366 1.39595197 0.76685566
Cl  -2.00992226 -2.93816321 -0.83304584
Cl   2.33583342 0.92562646 1.10159293
$end
$temperature
298.15
$end
$mult
 1
$end
$sigma
 1
$end
$pressure
1.00000
$end
$scale
1.0
$end
$msrrho
$end
$freq
26.21
37.19
48.90
54.46
61.63
79.00
86.17
97.24
98.68
130.14
139.86
152.69
172.03
187.08
189.85
220.41
228.75
264.91
282.54
290.11
300.72
308.30
331.62
340.66
379.12
400.03
433.93
475.09
477.69
509.94
560.16
574.70
626.11
649.46
678.77
814.77
852.61
864.87
898.11
929.03
948.81
960.12
987.87
1005.91
1012.42
1020.96
1045.20
1058.14
1092.37
1096.87
1099.57
1105.58
1133.25
1139.30
1147.34
1149.12
1163.82
1164.90
1165.77
1171.16
1175.60
1177.11
1180.04
1182.47
1192.25
1209.01
1214.77
1226.25
1236.05
1241.37
1257.26
1261.70
1267.37
1277.80
1281.10
1285.21
1288.93
1292.65
1295.68
1297.59
1300.04
1303.15
1308.51
1313.28
1326.75
1330.67
1334.16
1349.67
1351.90
1363.01
1374.37
1391.81
1396.04
2879.10
2897.30
2900.88
2917.27
2927.01
2929.59
2933.56
2939.53
2941.58
2958.76
2960.57
2969.58
2971.16
2979.67
2987.18
2987.85
2988.81
2999.07
2999.54
3019.62
3022.44
3027.30
3069.47
3080.83
$end
