$molecule
 H   0.55857496 -0.21880868 4.25639287
 C   1.44208413 0.37203370 4.53032452
 C   2.21837304 0.83056051 3.31292605
 H   2.05117141 -0.24866372 5.20705122
 H   1.09812019 1.22923581 5.12739123
 C   2.59952103 -0.33245892 2.38771155
Cl   3.70086075 1.68153801 3.88756915
 H   1.63174524 1.59574610 2.74019959
 C   3.47291729 0.08570221 1.19778575
Cl   3.50555448 -1.57074056 3.31562250
 H   1.65440624 -0.82577421 2.03172957
 C   3.83774845 -1.08242936 0.27402174
Cl   2.54808796 1.30565004 0.25932222
 H   4.40994298 0.59121300 1.56553459
 C   4.69224621 -0.65542236 -0.92920618
Cl   2.32974729 -1.81184263 -0.37077597
 H   4.36519673 -1.88267727 0.86467000
 C   5.06146577 -1.82842529 -1.85201923
Cl   6.19961569 0.07041129 -0.28617022
 H   4.15868642 0.14590783 -1.51159343
 C   5.91354814 -1.39856485 -3.05374094
Cl   6.00029909 -3.01311892 -0.88858575
 H   4.12399862 -2.34456464 -2.19840296
 C   6.27057331 -2.47591707 -4.09049283
Cl   4.97287746 -0.13253895 -3.93044394
 H   6.85165232 -0.88866695 -2.69471478
 C   7.51044004 -3.31886491 -3.75468453
Cl   4.90232333 -3.61522585 -4.31798960
 H   6.42992672 -1.97419725 -5.09001528
 C   7.87685032 -4.31390975 -4.86304036
Cl   8.88531370 -2.19528385 -3.50920700
 H   7.36658973 -3.88060910 -2.79215146
 C   9.10951454 -5.16700725 -4.52865194
Cl   8.24369902 -3.42007444 -6.37399467
 H   7.00431332 -4.98536127 -5.08715102
 C   9.47435931 -6.13265212 -5.63532573
Cl   8.67440967 -6.14824447 -3.07007895
 H   9.98539042 -4.53440159 -4.24129924
 H   9.86177523 -5.61099038 -6.52354962
 H  10.25889745 -6.83392026 -5.31233313
 H   8.61954098 -6.74187125 -5.95961673
$end
$temperature
298.15
$end
$mult
 1
$end
$sigma
 1
$end
$pressure
1.00000
$end
$scale
1.093
$end
$msrrho
$end
$freq
12.37
18.38
23.53
25.56
36.96
41.29
44.48
46.44
51.05
62.32
81.96
99.16
113.59
120.83
123.88
130.43
147.22
157.53
163.33
171.77
174.89
179.74
180.95
187.38
196.07
212.57
273.04
288.65
302.76
309.69
317.97
323.57
336.31
354.31
395.53
407.28
413.39
458.58
468.93
488.97
511.76
550.86
596.07
627.61
658.43
693.06
728.06
745.19
750.88
766.66
791.39
798.49
809.98
820.16
828.02
836.59
970.74
972.51
1031.84
1039.27
1050.44
1074.68
1088.51
1110.84
1120.24
1129.68
1133.44
1133.92
1139.13
1139.19
1146.61
1154.20
1157.45
1165.11
1170.48
1176.23
1181.35
1184.66
1194.33
1203.18
1206.69
1211.33
1222.85
1237.24
1239.96
1250.96
1255.34
1268.00
1271.10
1282.39
1293.66
1298.80
1301.94
1306.86
1324.29
1331.78
1339.78
1348.81
1349.38
1353.75
2614.53
2615.35
2617.71
2622.05
2630.60
2632.68
2635.31
2640.39
2644.47
2649.01
2660.20
2680.54
2681.89
2689.91
2690.61
2783.77
2783.88
$end
