$molecule
 C   2.02697096 1.40687073 -1.09185170
 H   1.16279916 0.80810156 -1.46341190
 C   1.53347072 2.71735012 -0.48965616
 H   2.33951882 3.25004698 0.07033838
 H   2.62788962 1.62295953 -2.00310778
 C   0.85953094 3.62203268 -1.49701240
 H   0.44678376 4.52322310 -1.02004790
 H   1.56471099 3.95941870 -2.26902652
 H   0.02224555 3.12674139 -2.00908229
 C   1.93938090 -1.68767588 -0.91151982
 H   1.46358776 -1.32266100 -1.84792526
 H   2.27683139 -2.72176517 -1.13997183
 C   3.17185680 -0.83454406 -0.58886308
 H   3.78480534 -1.34469215 0.18910263
 H   3.82434531 -0.79196629 -1.48651225
 C   2.84226446 0.57727984 -0.10666053
 H   2.36717696 0.54751145 0.90526140
 C   0.89848377 -1.71220996 0.20420609
 H   0.61676101 -0.67416957 0.51891260
 C  -0.34870992 -2.53125790 -0.13856963
 H  -0.63065960 -3.20264087 0.70646267
 H  -0.13422209 -3.23191305 -0.97468555
 C  -1.56349605 -1.67375783 -0.48683587
 H  -2.42117898 -2.32008695 -0.80008850
 C  -1.97032445 -0.71090890 0.62141027
 H  -2.06694720 -1.27156534 1.57906372
 H  -1.15164803 0.02417347 0.80729240
 C  -3.26311602 0.04078030 0.31876544
 H  -3.28898482 0.42461552 -0.72893412
 C  -3.53298036 1.16013693 1.32109585
 H  -3.66224487 0.74346203 2.34153193
 H  -2.64018539 1.82226851 1.37590312
 C  -4.75845347 1.98357772 0.94167625
 H  -5.66840436 1.36827903 0.91562655
 H  -4.93243509 2.78794677 1.66639133
 H  -4.65064592 2.44930900 -0.04479150
Cl   0.27907739 2.29905660 0.77988577
Cl   4.43174488 1.42862932 0.13949015
Cl   1.68160466 -2.45396991 1.66481482
Cl  -4.62432049 -1.16282368 0.42346841
Cl  -1.14567410 -0.68917459 -1.96080365
$end
$temperature
298.15
$end
$mult
 1
$end
$sigma
 1
$end
$pressure
1.00000
$end
$scale
1.093
$end
$msrrho
$end
$freq
19.31
20.22
29.24
40.82
45.18
55.28
67.23
74.67
90.01
101.72
124.25
132.95
145.42
175.42
175.87
189.94
197.03
232.93
250.16
305.19
320.57
335.01
340.62
346.61
370.50
382.59
399.84
459.62
469.07
479.33
484.58
527.81
578.90
634.53
643.32
665.55
701.59
729.29
835.46
844.73
895.59
938.84
947.95
955.86
971.50
981.16
1008.73
1033.10
1049.91
1057.65
1103.27
1110.60
1115.19
1120.84
1124.95
1136.23
1149.20
1156.49
1157.30
1163.69
1170.86
1176.64
1180.01
1185.90
1191.05
1196.00
1203.65
1205.05
1220.35
1227.14
1234.50
1240.60
1244.21
1246.92
1251.39
1253.60
1256.74
1257.40
1260.74
1264.54
1268.31
1273.02
1273.55
1279.38
1284.98
1286.11
1307.70
1315.53
1323.90
1326.25
1337.86
1342.51
1346.81
1348.13
2626.21
2643.75
2645.34
2648.56
2650.72
2655.92
2658.43
2660.29
2663.48
2669.86
2670.76
2687.85
2692.10
2692.23
2696.82
2728.43
2731.02
2733.27
2734.86
2736.93
2737.29
2786.80
2788.08
$end
