$molecule
 C   1.99534236 1.37519152 -1.09855462
 H   1.15817401 0.75040711 -1.48600324
 C   1.44508350 2.66297508 -0.49828544
 H   2.22780658 3.23174227 0.05904180
 H   2.60168063 1.61675713 -1.99958887
 C   0.72888917 3.52892167 -1.51060521
 H   0.27817700 4.41443981 -1.03915097
 H   1.41574657 3.88811400 -2.28891043
 H  -0.08768457 2.98954536 -2.01242297
 C   1.97024206 -1.70933483 -0.90683717
 H   1.51265735 -1.38445040 -1.86676708
 H   2.31880774 -2.74944224 -1.08266238
 C   3.18798056 -0.83332853 -0.58737112
 H   3.80895134 -1.32950306 0.19286416
 H   3.83879837 -0.77627164 -1.48472580
 C   2.82522479 0.57027175 -0.10536387
 H   2.34473180 0.52508784 0.90429781
 C   0.90338644 -1.69239947 0.18391649
 H   0.59775513 -0.64101289 0.43435612
 C  -0.32707763 -2.53999713 -0.15169343
 H  -0.59505836 -3.21725948 0.69169223
 H  -0.10597426 -3.23196753 -0.99243498
 C  -1.55036040 -1.69025748 -0.49260343
 H  -2.40268996 -2.33109072 -0.82787891
 C  -1.96466093 -0.76137524 0.64144454
 H  -2.14134089 -1.36459639 1.56084979
 H  -1.11561109 -0.08792321 0.90591398
 C  -3.19456717 0.08070544 0.31999108
 H  -3.13863550 0.54230612 -0.69463928
 C  -3.46183285 1.14011274 1.38622328
 H  -3.66488922 0.66015998 2.36560669
 H  -2.54224562 1.75010755 1.52991427
 C  -4.62399140 2.05003020 1.00478345
 H  -5.56143007 1.48653936 0.89991018
 H  -4.79013381 2.81843865 1.76909199
 H  -4.44428594 2.56542034 0.05399831
Cl   0.20672782 2.19248149 0.76916520
Cl   4.38881323 1.46314879 0.14951673
Cl   1.65872988 -2.33601422 1.70192312
Cl  -4.61851799 -1.05104894 0.25965876
Cl  -1.11522910 -0.66826476 -1.93639543
$end
$temperature
298.15
$end
$mult
 1
$end
$sigma
 1
$end
$pressure
1.00000
$end
$scale
1.093
$end
$msrrho
$end
$freq
19.32
25.99
35.65
43.85
53.31
60.36
73.22
83.23
106.51
116.42
133.10
137.24
151.15
188.25
190.35
200.33
205.93
240.80
257.10
311.32
327.31
340.55
348.58
354.79
376.48
390.60
405.39
465.92
473.77
486.00
490.41
533.87
578.87
634.50
645.52
666.72
706.10
731.80
839.62
850.88
901.30
942.04
952.38
960.80
973.53
988.62
1012.67
1036.35
1054.78
1061.47
1104.45
1115.56
1119.82
1124.36
1132.60
1139.40
1152.37
1158.70
1161.01
1167.92
1176.22
1177.61
1182.97
1191.55
1196.34
1202.16
1207.39
1209.87
1226.20
1231.18
1239.44
1242.75
1246.68
1250.13
1256.10
1257.09
1258.97
1264.27
1267.06
1269.56
1274.49
1276.18
1279.01
1286.15
1290.44
1294.06
1313.05
1322.08
1328.91
1331.13
1340.59
1346.68
1350.02
1351.51
2618.86
2642.93
2645.08
2649.39
2652.36
2657.06
2657.54
2661.60
2664.16
2670.57
2671.16
2688.17
2691.47
2692.21
2696.84
2728.56
2731.15
2733.64
2736.31
2738.10
2739.10
2785.07
2786.52
$end
