$molecule
 H   0.43256093 0.02405817 4.12153417
 C   1.39544518 0.44887122 4.48717676
 C   2.27274354 0.86299609 3.32022151
 H   1.90851438 -0.31498007 5.12225902
 H   1.17625180 1.33583355 5.12967890
 C   2.61680143 -0.30880782 2.39178282
Cl   3.80589703 1.54430587 3.98288468
 H   1.79534232 1.69627779 2.74239242
 C   3.45577023 0.10163061 1.17488608
Cl   3.56490777 -1.51571706 3.31907087
 H   1.67143988 -0.82068821 2.06818250
 C   3.79180226 -1.07434070 0.25150892
Cl   2.49615219 1.29271185 0.23244278
 H   4.39356392 0.62706778 1.50944783
 C   4.70903299 -0.67669916 -0.91366367
Cl   2.25808556 -1.68861916 -0.45215258
 H   4.24551417 -1.92073753 0.83809345
 C   5.04474221 -1.85713800 -1.83892972
Cl   6.24182268 -0.06581612 -0.21091060
 H   4.25112018 0.17263684 -1.49145770
 C   5.86750495 -1.43171621 -3.06203414
Cl   6.00099853 -3.02879185 -0.87505280
 H   4.10228827 -2.38171306 -2.15753767
 C   6.23297776 -2.51902226 -4.08379728
Cl   4.88093425 -0.20433088 -3.94484740
 H   6.79677832 -0.88880785 -2.72849459
 C   7.52308833 -3.29144603 -3.77009513
Cl   4.90917402 -3.72331307 -4.22748660
 H   6.32876008 -2.04586084 -5.10524996
 C   7.90313415 -4.28925345 -4.87111990
Cl   8.85450692 -2.09896731 -3.61899299
 H   7.44800619 -3.82492386 -2.78397198
 C   9.11791885 -5.15265954 -4.50064897
Cl   8.31760053 -3.37419398 -6.35685134
 H   7.03144519 -4.94708725 -5.13261060
 C   9.56188690 -6.07735593 -5.61638285
Cl   8.59635505 -6.18350521 -3.10363885
 H   9.96802538 -4.52832586 -4.12756643
 H  10.00837589 -5.48936972 -6.45506774
 H  10.33603351 -6.78818534 -5.23669683
 H   8.70592628 -6.67274931 -6.01177680
$end
$temperature
298.15
$end
$mult
 1
$end
$sigma
 1
$end
$pressure
1.00000
$end
$scale
1.093
$end
$msrrho
$end
$freq
12.48
20.16
21.51
25.41
38.70
39.90
44.50
47.00
57.19
61.69
82.13
100.04
113.19
120.70
129.77
132.07
146.54
155.68
160.61
168.83
169.24
173.86
177.55
182.74
191.85
195.22
251.31
279.09
297.82
309.42
316.66
323.00
333.37
344.93
389.33
404.94
407.82
453.72
465.90
489.28
507.89
547.66
591.25
620.56
652.88
698.10
724.59
749.82
754.94
765.97
791.46
797.92
809.56
821.80
829.06
838.05
967.80
969.35
1030.60
1037.39
1047.32
1076.27
1087.86
1111.18
1118.86
1127.92
1130.75
1133.06
1135.30
1138.48
1145.14
1148.67
1153.10
1160.56
1168.01
1174.71
1178.13
1180.41
1189.57
1196.39
1200.50
1205.36
1220.30
1255.42
1256.03
1278.72
1282.18
1288.67
1292.21
1294.10
1307.32
1318.22
1322.36
1336.09
1337.03
1337.72
1349.39
1350.68
1409.41
1409.74
2615.60
2616.85
2620.22
2624.67
2631.60
2633.72
2636.22
2640.94
2643.47
2649.99
2651.83
2655.17
2661.99
2664.96
2671.88
2847.66
2847.90
$end
