$molecule
 H  -0.83184685 -0.74124306 0.70221564
 C  -0.36303687 -0.06370860 1.42573477
 C   0.75089287 -0.76553688 2.19443735
 H  -1.15258243 0.30359898 2.09196610
 H   0.01629240 0.80040327 0.86226498
 C   1.39850394 0.15747083 3.22353932
 H   0.34255851 -1.66118068 2.70879800
 H   1.51499462 -1.14604467 1.48471238
 C   2.42640534 -0.56379954 4.09291967
Cl   2.27964378 1.47224248 2.33018817
 H   0.62974632 0.67462465 3.84749550
 C   2.91421255 0.31477153 5.24100760
 H   1.98011330 -1.50663397 4.48719821
 H   3.28697878 -0.89949037 3.47311035
 C   4.22956087 -0.16013361 5.87194647
Cl   1.63898307 0.33535963 6.51644840
 H   3.00791534 1.38771318 4.91691855
 C   5.44955672 0.23337034 5.02229979
Cl   4.22526646 -1.95352791 5.99406283
 H   4.32909315 0.23783443 6.91842764
 C   6.77855557 -0.28356296 5.58657609
Cl   5.50724696 2.02359353 4.95904499
 H   5.30709021 -0.12772269 3.96746705
 C   7.98914580 0.11745514 4.73062766
Cl   7.02006115 0.40856253 7.22137491
 H   6.74102898 -1.40238584 5.70238861
 C   9.32055769 -0.39440411 5.29171778
Cl   7.73837721 -0.57576494 3.09292402
 H   8.03007672 1.23647433 4.61228149
 C  10.52891250 -0.01702544 4.42518957
Cl   9.26563579 -2.18721796 5.38002298
 H   9.46475165 -0.01507671 6.34260527
 C  11.86621278 -0.53419906 4.97118919
Cl  10.57427765 1.77155374 4.30923564
 H  10.40146199 -0.40356664 3.37749161
 C  13.04856912 -0.06052325 4.15107975
Cl  12.10601023 0.02750699 6.66784041
 H  11.84866539 -1.65434814 5.02176768
 H  13.19747799 1.02912130 4.22014793
 H  13.98417225 -0.52025183 4.50160520
 H  12.93566676 -0.30494361 3.08702015
$end
$temperature
298.15
$end
$mult
 1
$end
$sigma
 1
$end
$pressure
1.00000
$end
$scale
1.093
$end
$msrrho
$end
$freq
13.04
16.38
24.69
30.48
37.04
41.36
44.53
49.88
58.91
79.33
87.95
108.74
119.33
129.86
131.07
157.91
159.72
167.20
169.33
177.46
180.48
188.91
211.11
216.80
240.76
273.53
313.20
316.49
324.75
354.71
370.99
385.45
437.62
448.51
470.76
476.44
499.48
531.69
570.42
618.21
641.26
660.90
692.75
736.58
759.14
770.03
789.99
795.47
819.20
836.65
854.78
960.94
971.42
980.30
1039.20
1048.66
1062.82
1077.44
1085.71
1118.14
1129.28
1132.37
1138.79
1140.03
1142.30
1151.88
1156.54
1157.77
1159.76
1170.69
1173.13
1181.67
1188.56
1193.62
1200.40
1204.69
1208.45
1212.31
1229.33
1239.70
1254.42
1255.34
1256.17
1266.84
1270.69
1271.59
1274.46
1282.19
1282.43
1299.74
1304.54
1317.06
1320.03
1323.84
1338.01
1348.91
1350.51
1351.14
2617.57
2621.78
2624.28
2628.87
2633.70
2644.17
2644.92
2646.84
2649.14
2657.31
2669.43
2681.83
2689.85
2691.38
2696.14
2726.55
2738.19
2783.86
2786.48
$end
