$molecule
 C  -1.98855810 1.36586212 0.65493731
 H  -1.14809387 0.84302118 1.18272815
 C  -1.47230725 2.67035756 0.05622110
 H  -2.21805764 3.13637379 -0.63299739
 H  -2.76791789 1.60560888 1.42889956
 C  -0.97103247 3.65035238 1.09685339
 H  -0.17993358 3.18615007 1.73284591
 H  -0.53524970 4.55112396 0.60130556
 H  -1.81354444 3.97693070 1.75104929
 C  -1.58235620 -1.75368926 0.54542818
 H  -1.25146320 -1.37014678 1.54850527
 H  -1.86881383 -2.83066481 0.68154502
 C  -2.83198354 -0.99446934 0.08562781
 H  -3.36977028 -1.57099350 -0.71353872
 C  -2.58960656 0.43886938 -0.39627870
 H  -1.97736090 0.41644851 -1.33692368
 C  -0.40741575 -1.65373577 -0.42440104
 H  -0.17076463 -0.58988523 -0.67170473
 C   0.84754687 -2.38708389 0.05624696
 H   1.28782443 -2.99212474 -0.78295103
 H   0.57563754 -3.11009804 0.86843855
 C   1.94229944 -1.45385338 0.57518557
 H   2.75181038 -2.05214400 1.06766799
 C   2.51845413 -0.50897505 -0.47494081
 H   2.77139523 -1.09926715 -1.39439278
 H   1.75388903 0.25877334 -0.76478494
 C   3.76283638 0.22831655 0.02007312
 H   3.62653279 0.62103906 1.05661225
 C   4.20919319 1.33247473 -0.93744983
 H   4.51603288 0.88195162 -1.91412593
 H   3.34095731 2.01679041 -1.12122352
 C   5.37255833 2.14740461 -0.37204539
 H   5.08419193 2.63025759 0.58803917
 H   6.25511552 1.48981884 -0.19109997
 H   5.66313709 2.93934896 -1.09871751
Cl  -0.04623178 2.25319938 -1.02002630
Cl  -4.18095945 1.12048578 -0.90764023
Cl  -0.94419883 -2.38958269 -1.99413922
Cl   5.10260660 -0.99651740 0.14692845
Cl   1.23307050 -0.43730087 1.90805829
Cl  -3.94890451 -0.94707570 1.50039805
$end
$temperature
298.15
$end
$mult
 1
$end
$sigma
 1
$end
$pressure
1.00000
$end
$scale
1.093
$end
$msrrho
$end
$freq
19.35
23.07
27.20
34.23
45.27
57.81
61.70
70.82
81.37
93.44
109.08
121.57
131.08
144.69
156.14
176.02
180.94
191.38
204.01
229.36
273.63
321.92
330.11
339.94
347.25
365.05
387.71
389.18
420.97
464.05
475.61
488.03
508.76
573.57
585.83
635.97
646.74
673.08
713.14
735.07
768.40
854.34
894.48
939.46
949.38
956.99
965.65
976.28
1010.06
1033.00
1044.79
1057.82
1094.26
1105.59
1115.82
1123.84
1133.53
1140.95
1143.60
1155.51
1158.07
1164.21
1171.75
1177.74
1182.59
1184.02
1191.59
1194.90
1201.30
1207.47
1226.40
1234.51
1240.68
1254.06
1261.48
1272.49
1279.43
1283.03
1296.66
1324.83
1334.48
1339.65
1342.44
1346.00
1348.05
1349.88
1354.02
1355.70
1357.67
1359.64
1365.26
1367.09
1373.40
1403.03
1410.30
2614.64
2617.42
2619.25
2627.35
2631.84
2641.13
2652.91
2653.16
2653.91
2657.69
2661.86
2664.73
2667.58
2672.08
2673.72
2756.19
2759.47
2760.93
2761.92
2767.80
2848.88
2852.43
$end
