$molecule
 H  -4.53127688 1.38580221 4.07773994
 C  -3.65533809 1.23982453 4.72831121
 C  -2.43777980 1.93614043 4.17539937
 H  -3.52053397 0.15244907 4.82546749
 H  -3.92762962 1.62381097 5.72355340
 C  -1.19945382 1.70042174 5.00480879
Cl  -2.16867254 1.21118436 2.48531075
 H  -2.60459819 3.02272999 3.98973537
 C  -0.49853135 0.38182848 4.76833372
Cl   0.01651042 3.01505380 4.49796295
 H  -1.39445328 1.89708475 6.08782636
 C   0.65559832 0.23197384 5.73344555
 H  -1.22056291 -0.46120383 4.87381031
 H  -0.13841598 0.31463606 3.71535148
 C   1.48438468 -1.01835191 5.56948032
Cl  -0.11195662 0.08187644 7.42054564
 H   1.30208810 1.14687256 5.78549055
 C   2.44952501 -0.94685311 4.40812677
Cl   0.37355696 -2.43026908 5.13202844
 H   1.98210082 -1.31025039 6.53034775
 C   3.28997198 -2.19414857 4.27228222
Cl   3.57816448 0.45275844 4.80648669
 H   1.96296438 -0.68620436 3.43467264
 C   4.39384242 -2.04451129 3.25368650
Cl   4.16573600 -2.46941486 5.86811309
 H   2.65238308 -3.10338814 4.10238555
 C   5.23189506 -3.28960494 3.11274960
Cl   3.51153130 -1.76386758 1.65406107
 H   5.03226292 -1.13554364 3.41987864
 C   6.17706717 -3.23470329 1.93712918
Cl   4.09543874 -4.69523471 2.72454069
 H   5.74087822 -3.55707998 4.07796518
 C   7.03230761 -4.47155847 1.80594120
Cl   7.27496333 -1.79783548 2.29358022
 H   5.65730658 -2.99226706 0.97645389
 C   8.11262087 -4.33601737 0.76723735
Cl   7.89334571 -4.71989230 3.43000036
 H   6.40269250 -5.38412050 1.67255289
 H   8.74280876 -5.23691382 0.72188329
 H   7.69240695 -4.18274164 -0.23842963
 H   8.78730543 -3.48916261 0.97250022
$end
$temperature
298.15
$end
$mult
 1
$end
$sigma
 1
$end
$pressure
1.00000
$end
$scale
1.0
$end
$msrrho
$end
$freq
10.48
17.93
22.51
32.77
35.24
42.61
48.46
56.61
62.70
68.58
79.19
88.94
113.89
124.26
128.14
143.11
154.70
156.38
158.51
159.36
167.35
173.04
175.67
192.02
202.56
244.53
256.57
269.06
278.03
280.62
285.93
321.50
339.20
389.18
402.04
406.60
426.13
447.51
467.95
504.47
509.85
559.44
567.12
597.90
620.01
633.61
641.39
657.12
673.02
683.66
697.08
736.41
768.72
954.11
976.13
979.19
1020.87
1024.22
1061.68
1089.46
1090.08
1104.66
1113.05
1119.33
1122.85
1131.99
1146.95
1153.52
1154.56
1158.21
1160.60
1162.72
1173.90
1174.76
1184.11
1191.27
1193.93
1204.28
1209.58
1215.82
1221.97
1226.41
1235.84
1245.17
1262.54
1264.28
1264.87
1269.97
1276.57
1283.37
1284.50
1288.45
1315.91
1334.50
1341.24
1348.49
1368.66
1387.08
1393.05
2866.16
2870.88
2878.58
2882.31
2894.76
2905.24
2910.64
2912.30
2917.59
2927.50
2943.60
2964.50
3011.71
3018.58
3020.32
3022.46
3072.83
3079.83
$end
