$molecule
 C   1.94332717 1.42757827 -1.12185191
 H   1.15012385 0.79118708 -1.58649276
 C   1.37069403 2.74754679 -0.64462597
 H   2.14608622 3.32694425 -0.08916825
 H   2.68492042 1.62070791 -1.92316233
 C   0.78149708 3.55785644 -1.77155454
 H   0.32963931 4.48555940 -1.39740650
 H   1.55251303 3.83399856 -2.50288463
 H   0.00010552 3.00143383 -2.30645167
 C   1.88114238 -1.60401395 -0.88167013
 H   1.32058919 -1.07307333 -1.68734412
 H   2.25244905 -2.54852039 -1.32407304
 C   3.05138278 -0.73763948 -0.44372854
 H   3.59948382 -1.22911349 0.38622941
 H   3.77725822 -0.64026808 -1.27486169
 C   2.58519656 0.63821765 0.00423126
 H   1.85914740 0.52940722 0.85358728
 C   0.93086531 -1.89734834 0.26475234
 H   0.68648060 -0.93867422 0.80599238
 C  -0.34067669 -2.60908591 -0.17352762
 H  -0.66413122 -3.30295283 0.63078066
 H  -0.13371434 -3.24859058 -1.05546318
 C  -1.50207264 -1.68197835 -0.48904879
 H  -2.41486161 -2.28511539 -0.71545705
 C  -1.79668991 -0.69353053 0.62358297
 H  -1.89602777 -1.24015352 1.58385098
 H  -0.91874515 -0.01324475 0.75191029
 C  -3.05688599 0.10828158 0.35690933
 H  -3.05346003 0.51189573 -0.68385316
 C  -3.24681216 1.22278149 1.36892544
 H  -3.34968311 0.79339333 2.38529602
 H  -2.32836686 1.84744720 1.39290532
 C  -4.44627082 2.08175463 1.03998406
 H  -5.36771265 1.48436802 1.00054251
 H  -4.58971475 2.86434890 1.79553122
 H  -4.33498074 2.57936635 0.06739739
Cl   0.04764704 2.40875091 0.53120743
Cl   4.01280514 1.53254229 0.60003583
Cl   1.78074138 -2.96273003 1.43050605
Cl  -4.45573021 -1.01490165 0.48088830
Cl  -1.12748723 -0.75669362 -1.98634764
$end
$temperature
298.15
$end
$mult
 1
$end
$sigma
 1
$end
$pressure
1.00000
$end
$scale
0.953
$end
$msrrho
$end
$freq
20.58
30.23
37.11
42.25
63.33
68.47
82.73
85.35
90.51
110.13
133.90
140.75
156.53
171.14
192.27
202.51
205.17
234.70
261.94
305.17
311.82
329.70
330.40
350.43
362.23
372.46
397.30
456.89
470.49
478.70
482.23
528.36
566.66
600.08
600.87
623.05
687.44
724.73
840.63
847.29
889.35
934.25
942.60
950.03
965.98
969.79
998.37
1020.12
1036.75
1041.13
1075.63
1077.48
1095.63
1104.52
1108.25
1123.18
1127.40
1130.20
1137.35
1141.24
1144.96
1148.26
1153.51
1161.43
1170.75
1176.64
1181.37
1190.39
1192.67
1196.73
1206.07
1217.57
1227.77
1247.70
1254.65
1273.19
1322.68
1338.51
1354.82
1376.49
1377.89
1379.46
1380.30
1385.08
1388.72
1392.85
1394.69
1400.83
1402.73
1405.10
1406.77
1410.66
1418.98
1426.56
2784.50
2843.55
2878.42
2886.99
2896.54
2902.80
2905.14
2910.83
2943.78
2943.93
2957.07
2998.54
3000.97
3012.83
3021.57
3022.45
3031.63
3076.11
3081.16
3085.36
3085.45
3177.87
3178.10
$end
