$molecule
 C   2.11836026 1.41593868 -1.09657929
 H   1.21789800 0.83914365 -1.44497329
 C   1.66805564 2.75269374 -0.53741652
 H   2.50345245 3.25010379 0.02147115
 H   2.76368345 1.60549734 -1.99639202
 C   1.15388461 3.65447467 -1.63310701
 H   0.78761882 4.62077781 -1.20927149
 H   1.98027782 3.87366235 -2.35339358
 H   0.31565929 3.16987566 -2.18977245
 C   1.89003996 -1.64128160 -0.88812019
 H   1.38324022 -1.21786328 -1.79798595
 H   2.20688710 -2.68818463 -1.14772047
 C   3.13681669 -0.83996722 -0.57822085
 H   3.73382809 -1.38137124 0.20567946
 H   3.76466558 -0.80114666 -1.50923812
 C   2.87907061 0.57445036 -0.09117055
 H   2.34275244 0.55703713 0.89392864
 C   0.86980222 -1.69090107 0.23360057
 H   0.62082589 -0.65305095 0.57839202
 C  -0.39206353 -2.43004628 -0.18729080
 H  -0.75105100 -3.08422039 0.65558993
 H  -0.15644720 -3.11075201 -1.04953837
 C  -1.55658469 -1.53411076 -0.57069679
 H  -2.42154214 -2.19048461 -0.86304251
 C  -1.97281388 -0.59836538 0.54878029
 H  -1.88776574 -1.14410692 1.52695614
 H  -1.27413569 0.28241185 0.59478799
 C  -3.38685631 -0.07131486 0.37782564
 H  -3.55191972 0.27147027 -0.67708854
 C  -3.65859556 1.06406739 1.34841814
 H  -3.67783246 0.66840167 2.39809454
 H  -2.80591037 1.79376412 1.28188060
 C  -4.94843678 1.78219864 1.04690478
 H  -5.82056011 1.09008433 1.13573140
 H  -5.09160648 2.62455366 1.76635135
 H  -4.93541650 2.20081098 0.01139936
Cl   0.39754797 2.51687727 0.68725275
Cl   4.44553801 1.33285427 0.27793869
Cl   1.56574583 -2.47795496 1.66524610
Cl  -4.56115901 -1.38392190 0.61326321
Cl  -1.20477886 -0.61276500 -2.04814009
$end
$temperature
298.15
$end
$mult
 1
$end
$sigma
 1
$end
$pressure
1.00000
$end
$scale
0.961
$end
$msrrho
$end
$freq
9.99
14.14
24.15
34.24
38.94
47.04
56.58
66.93
82.15
88.20
117.70
136.12
150.90
168.95
169.98
204.23
206.89
239.92
259.15
315.15
328.71
343.08
346.78
352.94
377.21
388.24
411.72
468.56
485.74
499.54
512.30
560.41
621.90
700.28
703.89
721.27
748.07
784.85
858.38
873.45
935.37
976.24
983.84
992.14
1012.39
1027.35
1059.02
1068.74
1085.58
1104.25
1132.92
1137.68
1142.31
1147.43
1186.44
1194.46
1198.26
1202.03
1213.39
1215.25
1220.99
1224.46
1226.29
1229.73
1238.50
1247.53
1251.52
1256.21
1267.74
1280.11
1289.17
1296.67
1317.52
1324.04
1340.36
1355.29
1383.94
1387.22
1387.41
1389.76
1391.66
1392.12
1392.52
1394.56
1397.01
1402.08
1408.75
1410.58
1415.95
1426.31
1428.69
1430.04
1436.49
1438.53
2996.54
2997.62
3000.31
3002.48
3008.69
3010.32
3011.31
3021.21
3025.96
3029.50
3029.57
3058.57
3060.44
3063.03
3065.50
3075.74
3076.80
3078.18
3079.24
3082.30
3087.85
3154.56
3156.24
$end
