$molecule
 C  -1.82535592 1.34370507 0.74874802
 H  -1.22754491 0.69989939 1.43281106
 C  -1.01177487 2.55208777 0.31543099
 H  -1.53909699 3.17544765 -0.43915285
 H  -2.66835213 1.68933769 1.39567174
 C  -0.51074738 3.35958619 1.49000288
 H   0.08398099 2.75471266 2.19197513
 H   0.12819153 4.19768566 1.17443976
 H  -1.34394692 3.79195382 2.06236218
 C  -1.64572192 -1.76161887 0.47377621
 H  -1.33482535 -1.41835703 1.48873928
 H  -2.02330083 -2.79682324 0.64525937
 C  -2.77798553 -0.88700587 -0.06195166
 H  -3.29836266 -1.37982346 -0.92001566
 C  -2.34588028 0.52718848 -0.42169730
 H  -1.62351139 0.49484997 -1.27465516
 C  -0.43454183 -1.78179921 -0.44488433
 H  -0.15771199 -0.75906882 -0.79209332
 C   0.76726618 -2.51078658 0.14870195
 H   1.20338792 -3.23087355 -0.58293612
 H   0.45437356 -3.15684663 0.99812776
 C   1.87019348 -1.55376016 0.59396917
 H   2.65517911 -2.08858643 1.17827492
 C   2.47242011 -0.76597194 -0.56024250
 H   3.03178314 -1.47084720 -1.21929725
 H   1.67581354 -0.35683933 -1.22207679
 C   3.38045302 0.37514442 -0.12437028
 H   2.92378024 1.02965227 0.65032814
 C   3.88845341 1.19060486 -1.30479403
 H   4.58477751 0.59663063 -1.93103196
 H   3.03910789 1.44840868 -1.97347083
 C   4.56855279 2.47450695 -0.83435919
 H   3.88705782 3.09829934 -0.24307163
 H   5.44843521 2.26560679 -0.21240514
 H   4.90830125 3.07721842 -1.68476841
Cl   0.45781551 1.95406194 -0.56493363
Cl  -3.75958316 1.38592625 -1.10542914
Cl  -0.92519771 -2.62324743 -1.95355701
Cl   4.80202917 -0.36665243 0.70024327
Cl   1.14151669 -0.42088345 1.78776697
Cl  -4.00409907 -0.80809814 1.23733369
$end
$temperature
298.15
$end
$mult
 1
$end
$sigma
 1
$end
$pressure
1.00000
$end
$scale
1.093
$end
$msrrho
$end
$freq
22.52
27.10
32.32
40.07
47.72
68.96
70.76
77.46
85.76
110.05
112.84
130.35
132.05
141.41
160.80
173.31
175.41
192.77
200.56
231.40
269.34
304.64
315.52
321.18
335.09
354.35
370.76
374.55
405.22
454.75
464.32
479.88
500.70
563.38
563.97
635.75
644.26
672.25
712.11
736.05
772.58
872.78
912.41
950.05
966.03
976.65
982.21
986.82
1010.36
1043.12
1064.58
1088.72
1092.21
1107.16
1125.66
1138.12
1140.12
1144.49
1159.83
1162.91
1165.56
1184.71
1187.16
1190.95
1192.56
1197.82
1199.97
1207.16
1211.90
1229.15
1240.71
1242.20
1243.68
1268.22
1272.57
1276.92
1280.44
1284.31
1288.67
1293.48
1294.62
1297.59
1300.10
1300.90
1313.16
1319.38
1326.37
1329.80
1339.26
1366.71
1368.24
1378.88
1385.23
1398.28
1406.84
2627.24
2629.98
2632.37
2636.99
2646.68
2650.06
2650.38
2658.37
2660.17
2664.37
2667.29
2669.95
2676.03
2680.34
2682.78
2722.91
2725.46
2729.34
2729.96
2740.17
2777.22
2781.54
$end
