$molecule
 C  -2.02511202 1.37605633 0.65425308
 H  -1.17401361 0.86349122 1.18098533
 C  -1.54129099 2.69924516 0.09103521
 H  -2.29953388 3.13086131 -0.61360726
 H  -2.81813264 1.58494615 1.42309623
 C  -1.23008450 3.67735124 1.19759083
 H  -0.46909081 3.25859464 1.89964587
 H  -0.83801267 4.63531598 0.77794253
 H  -2.16302004 3.89721272 1.77311479
 C  -1.53391433 -1.67287885 0.56044906
 H  -1.19083641 -1.21477887 1.52902276
 H  -1.78827358 -2.74696232 0.77643333
 C  -2.79630285 -0.97870591 0.07623070
 H  -3.25545876 -1.57551113 -0.75913114
 C  -2.57620760 0.44771254 -0.41014356
 H  -1.88478635 0.41526282 -1.29647924
 C  -0.37315880 -1.61952066 -0.41609511
 H  -0.13107947 -0.55524892 -0.67790957
 C   0.85579906 -2.31617040 0.15149009
 H   1.33869200 -2.95046775 -0.64303230
 H   0.54522430 -3.01180159 0.97755204
 C   1.92625259 -1.37637587 0.67784723
 H   2.75480933 -1.99839731 1.11489036
 C   2.48055057 -0.45835590 -0.39578826
 H   2.56597300 -1.03450658 -1.35633375
 H   1.76954719 0.39392810 -0.57901288
 C   3.83401745 0.12385520 -0.02700606
 H   3.82230453 0.50382291 1.02805219
 C   4.21955548 1.23849307 -0.98297747
 H   4.41493665 0.81252372 -2.00235363
 H   3.34558383 1.93935784 -1.07551690
 C   5.42403751 2.01039161 -0.50980432
 H   5.23559344 2.46076911 0.49486882
 H   6.31929057 1.34664208 -0.43555414
 H   5.65398023 2.83406601 -1.22838587
Cl  -0.09300370 2.45431196 -0.91575958
Cl  -4.08966486 1.08816194 -1.07133296
Cl  -0.82566291 -2.36893246 -1.95947623
Cl   5.06952146 -1.15297130 -0.03210559
Cl   1.32866612 -0.42892991 2.05538090
Cl  -3.99337175 -1.03731545 1.37981712
$end
$temperature
298.15
$end
$mult
 1
$end
$sigma
 1
$end
$pressure
1.00000
$end
$scale
0.961
$end
$msrrho
$end
$freq
13.08
19.54
22.64
32.26
40.04
45.24
55.58
68.15
73.98
81.36
111.58
121.32
136.08
151.02
167.63
170.44
176.31
201.68
214.06
239.38
283.06
324.09
340.27
347.29
352.74
370.22
392.74
399.92
434.94
481.70
496.11
504.69
535.12
602.05
627.85
700.79
706.99
726.33
749.18
787.95
823.08
858.57
940.21
970.79
985.32
992.02
1006.64
1013.70
1061.71
1079.02
1085.42
1103.33
1131.57
1135.05
1142.89
1144.79
1177.87
1192.65
1197.54
1202.19
1208.43
1214.94
1218.13
1221.51
1228.27
1230.17
1233.56
1245.15
1250.99
1256.47
1266.68
1280.61
1283.97
1296.28
1315.46
1324.32
1339.30
1341.09
1366.65
1383.47
1386.47
1386.94
1389.17
1391.31
1391.79
1392.20
1395.89
1396.99
1411.05
1414.31
1420.25
1426.65
1428.30
1434.28
1438.47
2992.55
2996.78
2998.50
3000.27
3007.38
3009.44
3010.71
3011.75
3018.00
3027.44
3029.59
3058.35
3060.47
3062.97
3065.40
3074.00
3076.09
3076.79
3077.58
3088.34
3154.44
3156.19
$end
