$molecule
 H  -0.55974519 -0.44104567 0.19377305
 C  -0.25552375 -0.08220580 1.21198578
 C   1.24900680 -0.28322738 1.37749412
 C  -0.66926186 1.38217034 1.37091375
 H  -0.80105147 -0.69703820 1.97338909
 C   1.68752743 -1.70954746 1.04807838
Cl   1.65906824 0.02607655 3.12231410
 H   1.83448665 0.47153241 0.79229451
 C  -2.18698986 1.56683149 1.38571213
Cl  -0.00318985 2.29062002 -0.05476793
 H  -0.19400045 1.85064161 2.26667546
 C   3.20782275 -1.86107308 1.06944981
 H   1.29956997 -1.97585333 0.02669405
 H   1.23358191 -2.42467714 1.78277490
 C   3.65950425 -3.32323914 1.13440587
Cl   3.87453559 -1.06509179 -0.40247364
 H   3.65336079 -1.30589296 1.94107712
 C   5.12450239 -3.56150554 0.73749621
Cl   2.65117428 -4.33503425 0.04858977
 H   3.46700465 -3.71485875 2.17325074
 C   6.11927733 -2.68173689 1.50024121
Cl   5.46806983 -5.29285445 1.06864865
 H   5.25965522 -3.42126818 -0.37293548
 C   7.58808893 -3.03200692 1.23545511
Cl   5.81291808 -2.85825853 3.26266946
 H   5.94240422 -1.59712399 1.25074617
 C   8.57543847 -2.13033556 1.98873503
Cl   7.87027435 -2.84442873 -0.52543236
 H   7.79967747 -4.10529866 1.48670978
 C  10.02255519 -2.52349929 1.75580745
Cl   8.35600941 -0.43146255 1.42319617
 H   8.34051803 -2.11800293 3.08434280
 H  10.28757695 -2.44973176 0.67204833
 H  10.20471066 -3.56748521 2.09972885
 H  10.69767524 -1.83573229 2.32027123
 C  -2.58488837 3.01205550 1.68744059
 H  -2.61062014 1.26943581 0.39396320
 H  -2.62188304 0.89884525 2.17090181
 H  -2.17054374 3.69814750 0.91136608
 H  -2.19934913 3.32661492 2.68277419
 H  -3.69425039 3.10444419 1.68629251
$end
$temperature
298.15
$end
$mult
 1
$end
$sigma
 1
$end
$pressure
1.00000
$end
$scale
1.093
$end
$msrrho
$end
$freq
16.82
18.83
23.18
29.61
39.68
44.79
47.08
56.79
66.74
78.79
87.25
96.69
113.64
135.64
146.43
152.51
162.19
168.54
173.11
186.19
194.98
212.86
219.04
238.58
268.12
307.68
322.52
326.12
372.61
380.28
410.23
436.99
458.62
472.28
505.59
539.68
545.17
613.00
627.76
653.30
665.78
695.10
699.22
760.12
779.86
809.11
833.35
854.66
929.46
965.91
970.86
988.94
1037.43
1051.07
1057.07
1095.30
1100.39
1108.45
1117.96
1131.42
1136.40
1139.75
1143.26
1149.82
1155.50
1165.25
1170.59
1175.51
1178.70
1183.74
1187.13
1194.17
1197.05
1202.01
1203.97
1216.18
1230.72
1253.69
1256.59
1261.31
1270.40
1277.59
1281.08
1288.58
1307.61
1322.96
1337.06
1340.86
1350.63
1352.60
1355.21
1359.03
1359.27
1364.32
1370.04
1409.56
1410.55
2616.81
2618.99
2624.52
2627.42
2631.36
2634.44
2642.03
2643.90
2649.13
2652.09
2662.25
2663.71
2664.91
2667.45
2673.59
2753.16
2760.94
2768.16
2847.79
2852.43
$end
