$molecule
 H  -0.37932927 -0.29490425 0.48869238
 C   0.14161649 0.09168639 1.37650136
 C   1.64171555 0.05945989 1.18966565
 H  -0.23071039 1.11416193 1.54174560
 H  -0.18981658 -0.50823019 2.23593699
 C   2.18476563 -1.35807801 1.06798760
Cl   2.38657380 0.79071598 2.65965018
 H   1.96890933 0.71722984 0.35421492
 C   3.65709934 -1.37333034 0.68202650
 H   1.57041606 -1.91959742 0.32453846
 H   2.02987613 -1.91517667 2.02004084
 C   4.31028750 -2.72943517 0.90946586
Cl   3.77225796 -0.93676354 -1.04704266
 H   4.22804429 -0.57110484 1.21680219
 C   5.74956644 -2.81195666 0.41517831
Cl   3.38615544 -3.97713312 0.03392926
 H   4.22348957 -3.00337585 1.99356819
 C   6.39980831 -4.17632561 0.58254800
Cl   6.68099009 -1.60679735 1.33992630
 H   5.82849528 -2.49069875 -0.65808601
 C   7.89810156 -4.20388217 0.29322556
Cl   6.19814231 -4.72456394 2.27256453
 H   5.86523290 -4.94721304 -0.03009023
 C   8.26064777 -3.57436841 -1.04417465
 H   8.25930723 -5.25738472 0.33763126
 H   8.46784511 -3.68243534 1.10004002
 C   9.73159097 -3.76774323 -1.38223302
Cl   7.29462671 -4.39274327 -2.31974446
 H   7.95871290 -2.50333127 -1.10227073
 C  10.14941819 -2.97532293 -2.61511248
 H  10.35774358 -3.47593733 -0.50812012
 H   9.95791937 -4.84618421 -1.53960282
 C  11.57383447 -3.28900138 -3.04917330
Cl  10.07182703 -1.23221771 -2.17310616
 H   9.43091292 -3.08290884 -3.45726346
 C  11.92120524 -2.60321223 -4.36877305
 H  11.69337854 -4.38743210 -3.16086428
 H  12.30177135 -2.99215008 -2.26591429
 H  11.21256274 -2.86478190 -5.16343743
 H  11.91745391 -1.50904928 -4.27424253
 H  12.92169161 -2.89086854 -4.71332951
$end
$temperature
298.15
$end
$mult
 1
$end
$sigma
 1
$end
$pressure
1.00000
$end
$scale
1.093
$end
$msrrho
$end
$freq
11.60
19.12
23.40
26.97
38.77
40.10
49.48
60.04
73.44
76.34
87.35
111.91
127.96
143.77
157.57
160.90
171.61
172.88
180.51
190.60
211.60
229.28
253.60
296.96
305.76
314.38
335.87
359.77
375.23
390.81
414.18
453.34
492.21
512.89
528.99
541.42
606.76
647.99
652.60
670.88
692.20
746.03
776.08
812.04
869.85
937.68
958.48
974.19
979.55
1000.08
1039.87
1059.33
1072.78
1087.29
1097.73
1114.78
1135.49
1141.62
1144.00
1146.67
1151.60
1155.70
1160.15
1168.93
1175.98
1179.84
1188.34
1191.44
1196.22
1202.95
1204.32
1210.34
1227.80
1236.88
1250.50
1276.58
1282.75
1284.19
1286.66
1288.73
1293.53
1295.78
1297.52
1299.15
1300.55
1308.18
1317.95
1321.82
1325.03
1329.84
1336.45
1362.70
1369.73
1390.35
1398.21
1407.07
2626.23
2627.89
2630.84
2640.44
2642.19
2647.33
2650.52
2650.73
2660.23
2662.54
2666.30
2670.98
2675.39
2680.99
2682.90
2722.75
2726.67
2730.79
2740.48
2778.05
2781.61
$end
