$molecule
 H  -1.11099888 -0.63109026 0.93627589
 C  -0.62292545 -0.02746552 1.71497960
 C   0.57547294 -0.74750288 2.30998337
 H  -1.39144953 0.19860674 2.46826976
 H  -0.33889396 0.92837115 1.24862344
 C   1.24939886 0.10834813 3.35833584
 H   0.26227030 -1.71374621 2.76298912
 H   1.29545451 -1.02550290 1.51058956
 C   2.45176317 -0.55577144 3.99511375
Cl   1.94976175 1.59427233 2.44724103
 H   0.54463460 0.54205592 4.10305542
 C   3.05225592 0.34699460 5.04953219
 H   2.15161823 -1.53245327 4.44197571
 H   3.21183281 -0.81449378 3.22564268
 C   4.33712718 -0.14294602 5.67208811
Cl   1.81872982 0.37739713 6.43729411
 H   3.14198431 1.41374434 4.71307501
 C   5.55548434 0.14972066 4.82593864
Cl   4.30189011 -1.99247513 5.76555993
 H   4.44761378 0.21073795 6.72962062
 C   6.83655649 -0.34534187 5.45386490
Cl   5.64680155 1.98659416 4.73665574
 H   5.46324310 -0.20769579 3.76984598
 C   8.06634090 0.13217773 4.72039924
Cl   6.97643732 0.40209267 7.12973275
 H   6.81826072 -1.45822114 5.60618974
 C   9.34733887 -0.36324541 5.34133966
Cl   7.91989663 -0.61803017 3.03589389
 H   8.08775291 1.24406258 4.56330212
 C  10.56123967 -0.09232318 4.48605786
Cl   9.25361420 -2.20738078 5.43630204
 H   9.46102191 -0.00158169 6.39902675
 C  11.84810797 -0.56705671 5.11627396
Cl  10.62296167 1.74373979 4.33902772
 H  10.44883465 -0.47967920 3.44248929
 C  13.07377289 -0.11835014 4.36738258
Cl  11.95150145 0.20085190 6.80131916
 H  11.82263577 -1.66763671 5.30349857
 H  13.13281191 0.97858242 4.27929072
 H  13.99570153 -0.44369920 4.87237367
 H  13.09983537 -0.53005814 3.34697486
$end
$temperature
298.15
$end
$mult
 1
$end
$sigma
 1
$end
$pressure
1.00000
$end
$scale
1.0
$end
$msrrho
$end
$freq
11.87
20.74
23.73
34.39
40.02
46.25
57.03
63.52
68.36
77.01
86.15
104.73
119.68
126.84
130.35
150.80
155.77
159.65
164.22
170.98
175.13
189.84
193.46
208.76
229.90
245.18
272.64
277.86
283.56
304.87
328.58
347.77
402.14
418.07
432.80
448.58
455.27
490.79
519.42
559.53
566.07
583.11
598.85
630.10
651.46
670.08
673.10
694.93
736.14
768.53
859.98
952.50
976.14
984.92
1024.37
1053.99
1059.82
1089.14
1101.12
1109.60
1116.00
1119.07
1131.10
1140.20
1145.90
1153.55
1156.19
1156.75
1161.97
1166.11
1173.66
1176.67
1183.58
1191.64
1193.29
1202.26
1209.06
1216.54
1222.03
1229.17
1236.24
1239.62
1245.99
1264.99
1274.38
1276.37
1284.12
1286.74
1291.00
1298.52
1301.40
1324.05
1337.84
1347.18
1361.43
1370.13
1387.24
1392.00
2865.79
2870.63
2875.85
2878.67
2895.82
2912.45
2913.97
2917.28
2927.53
2932.67
2950.83
2976.12
2986.90
3011.70
3020.35
3021.43
3027.44
3072.84
3080.57
$end
