$molecule
 C  -2.33684235 1.41273122 -0.85019047
 H  -2.39462107 1.01451553 -1.88747548
 C  -3.22311259 0.61059085 0.07713563
 H  -3.06379395 0.85030837 1.15264959
 H  -2.71419068 2.45718533 -0.91937223
 C  -4.66969650 0.59533790 -0.33125384
 H  -5.12306554 1.59449657 -0.24113095
 H  -4.81359140 0.26465002 -1.37063743
 H  -5.26309512 -0.08540902 0.29770193
 C   1.45330232 2.24148112 -0.71059965
 H   2.13320357 2.68505756 -1.47105007
 H   1.43076974 2.99193032 0.11235940
 C   0.05817350 2.07972934 -1.30659293
 H  -0.33099745 3.08288151 -1.58992305
 H   0.09696929 1.52085250 -2.26746182
 C  -0.90229924 1.39054632 -0.36565955
 H  -0.57718906 0.37116022 -0.05405254
 C   2.03765777 0.94637974 -0.18665748
 H   1.57881545 0.61651330 0.76977850
 C   2.19420268 -0.15011687 -1.21444988
 H   2.81928953 0.21942321 -2.05714874
 H   1.21501169 -0.38764653 -1.68067461
 C   2.82050378 -1.40883722 -0.61982849
 H   3.73474943 -1.13707656 -0.04602194
 H   3.19836648 -2.05547178 -1.44112248
 C   1.86566402 -2.20226909 0.26934825
 H   2.44032253 -3.01040640 0.77273857
 H   1.49562651 -1.57485212 1.10665445
 C   0.69389597 -2.79505702 -0.50938939
 H  -0.08604604 -2.02518827 -0.70060133
 H   1.02000852 -3.12107004 -1.52001356
 C   0.06742471 -3.97892423 0.22529734
 H  -0.72220889 -4.43436998 -0.41101452
 H   0.81044175 -4.79271816 0.36427938
 C  -0.52355447 -3.56647462 1.56209888
 H  -1.08466419 -4.38890038 2.03001603
 H   0.24292666 -3.26452937 2.28963733
 H  -1.22498396 -2.72274734 1.46406458
Cl  -2.62653779 -1.16663792 -0.10049792
Cl  -0.91152014 2.39018400 1.21888673
Cl   3.79127610 1.42886563 0.30761446
$end
$temperature
298.15
$end
$mult
 1
$end
$sigma
 1
$end
$pressure
1.00000
$end
$scale
1.0
$end
$msrrho
$end
$freq
17.56
22.85
38.35
54.56
56.90
66.85
97.60
102.09
117.41
130.91
147.73
167.65
171.03
188.32
229.13
234.40
244.21
297.31
301.78
317.16
327.01
348.32
384.36
413.96
431.87
459.96
502.35
527.41
534.44
583.11
592.98
662.31
810.08
846.58
856.06
878.97
921.09
943.44
962.01
967.93
983.98
995.81
1011.31
1022.87
1040.81
1061.77
1083.59
1095.43
1105.85
1116.38
1136.44
1140.20
1142.37
1150.47
1163.19
1167.42
1173.57
1174.82
1179.35
1185.97
1187.51
1190.70
1199.55
1204.31
1213.46
1224.01
1234.96
1250.17
1259.81
1270.15
1275.53
1282.64
1284.03
1287.54
1295.57
1302.16
1306.71
1309.52
1311.20
1314.44
1324.11
1327.20
1329.45
1335.54
1338.06
1341.35
1343.47
1359.42
1368.86
1374.35
1375.73
1395.66
2917.18
2918.75
2924.40
2925.82
2929.74
2931.52
2933.81
2940.37
2941.65
2949.97
2963.57
2980.27
2981.28
2981.64
2987.18
2987.97
2991.01
2991.82
2996.26
3016.89
3018.85
3022.62
3024.69
3078.30
3080.78
$end
