$molecule
 C  -2.17591987 -0.69305136 0.96655773
 H  -1.86207613 -0.47532208 2.01138734
 C  -3.12277371 0.39500914 0.46796879
 H  -3.28081566 0.33281958 -0.63606699
 H  -2.72643960 -1.65807779 1.02760712
 C  -4.43893596 0.42114475 1.21533676
 H  -5.01081707 -0.50245839 1.05375098
 H  -4.29904379 0.54120894 2.29852215
 H  -5.07199726 1.25842557 0.88626175
 C   1.31397086 -2.03679693 -0.20619412
 H   2.07728748 -2.59109262 0.38055437
 H   1.01323844 -2.71892022 -1.02916131
 C   0.10595934 -1.76684739 0.70080424
 H  -0.35476266 -2.73957379 0.97252462
 H   0.45734396 -1.32353307 1.65786214
 C  -0.94126681 -0.84778943 0.08340527
 H  -0.50157330 0.15629450 -0.18270130
 C   1.95266313 -0.78638882 -0.81989536
 H   2.84183183 -1.08748882 -1.41282295
 H   1.25212535 -0.33701195 -1.55777987
 C   2.34778898 0.26379920 0.20993979
 H   1.51358155 0.49058648 0.91383648
 C   2.91433362 1.54918262 -0.38733594
 H   3.85250838 1.33378409 -0.93890347
 H   3.20965859 2.23151812 0.43751296
 C   1.93021415 2.26992155 -1.32134533
 H   2.35914451 3.25717740 -1.58958324
 H   1.84447212 1.71368719 -2.27653182
 C   0.54420498 2.46167920 -0.71620391
 H  -0.07770097 3.12351336 -1.33018837
 H   0.00120084 1.50303864 -0.63549699
 H   0.58493122 2.89754362 0.28858683
Cl  -2.30883923 2.00409636 0.75031754
Cl  -1.47684644 -1.56431739 -1.49692966
Cl   3.65857423 -0.45381245 1.25878926
$end
$temperature
298.15
$end
$mult
 1
$end
$sigma
 1
$end
$pressure
1.00000
$end
$scale
1.093
$end
$msrrho
$end
$freq
21.72
28.10
45.75
78.00
90.16
99.05
113.83
144.40
148.54
186.33
190.68
213.81
219.84
244.24
293.20
307.22
337.47
350.24
380.51
400.06
427.04
461.40
473.05
504.77
563.36
647.08
664.82
692.64
806.17
823.66
888.90
915.70
949.15
961.52
971.98
984.90
1001.41
1035.53
1058.70
1065.96
1107.60
1118.41
1124.72
1135.28
1151.76
1154.92
1165.60
1176.55
1177.24
1182.42
1188.63
1192.59
1202.98
1214.24
1220.32
1231.32
1237.52
1244.17
1247.66
1259.81
1262.05
1264.63
1265.44
1269.09
1273.31
1274.43
1281.39
1287.57
1289.46
1297.59
1302.87
1304.74
1330.14
1331.72
1342.99
1345.97
1346.88
1353.26
2565.21
2648.98
2652.56
2654.90
2656.81
2662.00
2664.91
2669.52
2675.41
2680.05
2688.03
2693.65
2695.43
2731.67
2733.39
2735.55
2736.42
2738.60
2741.63
2780.23
2786.00
$end
