$molecule
 H  -0.67375861 -0.41243529 0.51292280
 C  -0.13764596 0.15796921 1.28334463
 C   1.36567896 0.06235480 1.13973553
 H  -0.48222242 1.20025471 1.20128419
 H  -0.47964818 -0.21116641 2.26224899
 C   1.87210440 -1.38179623 1.03941613
Cl   1.81758107 0.86640894 -0.42084399
 H   1.88360527 0.62991826 1.95199256
 C   3.39302150 -1.50915184 0.92480161
Cl   1.29856337 -2.26235350 2.49444782
 H   1.39793509 -1.89304010 0.15863005
 C   3.85427050 -2.96511594 0.97230287
Cl   4.20095341 -0.62947791 2.27300961
 H   3.73718370 -1.00400135 -0.01923542
 C   5.30344344 -3.12551839 0.52026306
 H   3.18116556 -3.59606535 0.35051159
 H   3.74570488 -3.36929510 2.00730705
 C   5.82819761 -4.53740428 0.76275277
Cl   5.37218801 -2.79306732 -1.26064873
 H   5.96347025 -2.36044590 1.00190265
 C   7.19065392 -4.81542647 0.12375311
 H   5.10249678 -5.29109954 0.38131992
 H   5.87638892 -4.71739725 1.86365339
 C   8.27042680 -3.78858418 0.46798664
Cl   7.68303515 -6.45955520 0.68191693
 H   7.09629091 -4.89275301 -0.99408110
 C   9.68376679 -4.17391072 0.01455942
Cl   8.32196310 -3.52616404 2.24320970
 H   7.98416325 -2.80064870 0.01174517
 C  10.72540389 -3.13671248 0.37552655
Cl   9.62609335 -4.28127620 -1.79418810
 H   9.98084600 -5.18593892 0.38456657
 H  11.69680795 -3.36661237 -0.08794521
 H  10.44911339 -2.12683469 0.04290481
 H  10.89618055 -3.08876795 1.46164878
$end
$temperature
298.15
$end
$mult
 1
$end
$sigma
 1
$end
$pressure
1.00000
$end
$scale
1.093
$end
$msrrho
$end
$freq
14.13
22.30
26.87
32.77
46.76
56.94
61.09
70.79
87.84
111.90
121.89
147.03
154.11
163.54
171.83
179.77
197.83
247.28
261.83
279.34
292.51
310.13
326.44
371.77
384.10
393.19
399.98
406.05
468.84
492.46
531.01
574.32
622.42
671.91
699.60
721.26
727.12
735.94
790.37
801.15
913.02
959.33
966.87
988.56
1043.42
1044.28
1058.93
1100.49
1107.11
1125.74
1131.47
1146.46
1148.21
1151.04
1155.93
1164.56
1173.40
1181.23
1187.53
1188.74
1196.30
1204.57
1210.43
1218.73
1229.55
1236.09
1237.36
1237.69
1239.98
1251.82
1252.77
1253.80
1264.44
1268.19
1274.03
1284.74
1288.97
1294.86
1334.07
1344.23
1344.72
1347.75
2631.11
2631.50
2641.33
2644.34
2647.65
2649.91
2661.54
2661.83
2663.69
2680.92
2681.73
2691.15
2691.43
2724.31
2730.58
2785.42
2785.47
$end
