$molecule
 H  -0.06842862 -0.88047614 0.37686006
 C   0.05189530 -0.17421694 1.23281283
 C   1.52904228 0.06122267 1.50629118
 C  -0.70595315 1.10775385 0.99180100
Cl  -0.65755770 -0.95654300 2.68251039
 C   2.29410460 -1.23652034 1.70041550
Cl   2.23491485 0.92221386 0.10748209
 H   1.65200945 0.71473328 2.40273559
 H  -1.77107744 0.90594160 0.82068511
 H  -0.63162076 1.79076833 1.84862154
 H  -0.31798479 1.63535499 0.10944127
 C   3.73593965 -0.98775713 2.10429794
Cl   2.28659076 -2.13892725 0.15543947
 H   1.77780509 -1.87014458 2.46544909
 C   4.45059128 -2.28176933 2.44890433
 H   4.26616668 -0.46757243 1.27862124
 H   3.77441155 -0.30079482 2.97604138
 C   5.93172350 -2.05812335 2.69961794
Cl   3.71979066 -2.95707610 3.93532461
 H   4.31050259 -3.03262371 1.63037921
 C   6.68144016 -3.36318357 2.91803517
Cl   6.10011284 -1.05051823 4.16733589
 H   6.39050225 -1.49951291 1.84698531
 C   8.16145315 -3.14206863 3.18101851
Cl   6.51915857 -4.35942799 1.44258335
 H   6.22335452 -3.92921370 3.76924329
 C   8.87767621 -4.42958248 3.55634427
Cl   8.90381542 -2.49465959 1.68915774
 H   8.29322716 -2.37783632 3.98644612
 C  10.35475119 -4.22392796 3.78476230
Cl   8.17110452 -5.02793725 5.09173343
 H   8.69528614 -5.20728343 2.77672386
 H  10.83950779 -5.16436486 4.07649431
 H  10.84816011 -3.86022547 2.87278524
 H  10.54438892 -3.49215394 4.58152204
$end
$temperature
298.15
$end
$mult
 1
$end
$sigma
 1
$end
$pressure
1.00000
$end
$scale
0.953
$end
$msrrho
$end
$freq
16.27
21.43
26.59
41.04
45.87
53.73
62.08
73.64
80.63
110.09
114.09
130.47
151.14
159.19
162.45
165.53
172.09
179.32
182.81
225.66
264.21
272.29
289.23
293.90
307.14
348.61
368.41
389.71
391.81
412.04
449.90
486.71
548.32
580.75
618.66
627.21
645.76
664.84
671.60
686.48
742.85
766.82
807.22
948.54
952.63
955.75
1021.26
1021.67
1073.27
1074.67
1090.81
1097.62
1101.22
1119.01
1124.14
1128.24
1134.03
1141.13
1145.94
1147.79
1153.08
1153.74
1174.27
1180.29
1183.86
1193.30
1201.84
1206.03
1207.71
1211.96
1231.15
1266.58
1320.78
1350.11
1369.64
1375.35
1389.89
1389.95
1396.26
1396.85
1401.02
1404.65
1406.04
2867.63
2871.61
2872.87
2887.04
2892.00
2902.59
2905.81
2909.52
2938.55
3008.53
3076.90
3076.90
3084.86
3084.92
3174.34
3174.59
$end
