$molecule
 H  -0.60653798 -0.43295825 1.16632732
 C   0.13217885 0.28629328 1.54471877
 C   1.50110763 0.03958175 0.96078222
 H  -0.22533778 1.29247507 1.29112855
 H   0.14960835 0.20211331 2.64020271
 C   2.02239311 -1.35728680 1.25955231
Cl   1.36685672 0.20661558 -0.81997684
 H   2.23405342 0.80292713 1.31580560
 C   3.42050062 -1.58148147 0.71007413
Cl   2.07705723 -1.57561739 3.03302233
 H   1.32253073 -2.12218769 0.84618289
 C   3.87917599 -3.01729569 0.89283892
Cl   4.55397640 -0.50886150 1.58663267
 H   3.45347582 -1.29603580 -0.37194870
 C   5.20791252 -3.27110137 0.20718883
 H   3.11258734 -3.71090012 0.49064839
 H   3.96009803 -3.24439550 1.97699666
 C   5.76107209 -4.64903384 0.52502721
Cl   4.95687635 -3.16286921 -1.56441926
 H   5.95977788 -2.48522402 0.48895610
 C   7.19267814 -4.79348409 0.03490801
 H   5.12963613 -5.43418263 0.06290076
 H   5.72508393 -4.83078564 1.62009308
 C   8.15008315 -3.89351380 0.79858094
Cl   7.68471074 -6.49149846 0.26149828
 H   7.25042208 -4.56145983 -1.05871557
 C   9.54526210 -3.88038947 0.19762339
Cl   8.26242477 -4.48549424 2.48015538
 H   7.71815441 -2.85758196 0.82935051
 C  10.50625965 -3.01791150 0.97784546
Cl   9.43023315 -3.19799422 -1.45684056
 H   9.92498467 -4.92575363 0.10432277
 H  11.49629217 -3.00873180 0.50431187
 H  10.15901967 -1.97786909 1.04038678
 H  10.62811185 -3.39151280 2.00402078
$end
$temperature
298.15
$end
$mult
 1
$end
$sigma
 1
$end
$pressure
1.00000
$end
$scale
0.953
$end
$msrrho
$end
$freq
16.15
22.52
26.00
41.35
49.20
57.90
61.85
82.57
92.22
115.05
135.48
136.62
152.83
163.56
170.10
178.79
183.27
221.17
258.00
270.88
276.20
295.65
305.08
344.24
357.78
384.04
390.77
401.84
460.14
480.76
528.36
547.39
597.55
618.94
633.55
663.42
668.78
697.08
762.29
794.09
895.74
944.56
950.69
975.69
1021.28
1021.83
1049.43
1074.29
1092.01
1100.88
1109.73
1114.40
1122.10
1129.95
1134.89
1137.01
1144.09
1150.04
1155.87
1157.94
1170.48
1178.69
1191.82
1203.41
1206.82
1209.61
1213.63
1245.05
1263.09
1273.32
1332.17
1354.44
1373.20
1377.26
1386.67
1390.08
1390.42
1396.77
1397.23
1404.85
1405.79
1414.26
2828.18
2856.09
2872.60
2874.34
2902.57
2906.70
2909.52
2943.44
2947.50
3015.89
3022.79
3076.78
3076.89
3084.83
3085.00
3174.45
3174.61
$end
