$molecule
 C  -3.79981508 -0.31858075 1.02368640
 H  -3.74315463 0.46536961 1.81120668
 C  -5.07136407 -0.12898981 0.19804708
 H  -5.06709583 -0.76274401 -0.72208638
 H  -3.86152825 -1.28312902 1.57331164
 C  -6.33316776 -0.34458680 1.00801603
 H  -6.38174475 0.31560957 1.88467372
 H  -7.23287187 -0.13657948 0.40978842
 H  -6.41137309 -1.38016689 1.36390220
 C   0.00006700 -0.12764516 0.18201029
 H  -0.00028299 -0.79513345 -0.71719283
 C  -1.26614322 -0.31015579 1.01713950
 H  -1.20719886 -1.27211089 1.57221208
 H  -1.32339872 0.48174446 1.79646483
 C  -2.53595145 -0.27608448 0.16926716
 H  -2.54190767 0.59792628 -0.53101784
 C   1.26653727 -0.31082239 1.01659261
 H   1.32456902 0.48102586 1.79590615
 H   1.20736715 -1.27274990 1.57166908
 C   2.53601288 -0.27738409 0.16819453
 H   2.54214232 0.59661988 -0.53207874
 C   3.80024531 -0.32056329 1.02204420
 H   3.86169410 -1.28514522 1.57163221
 H   3.74433654 0.46339270 1.80959653
 C   5.07154246 -0.13162163 0.19585876
 H   5.06652708 -0.76535111 -0.72428113
 C   6.33358985 -0.34789151 1.00527620
 H   7.23313513 -0.14030660 0.40665098
 H   6.38286700 0.31226237 1.88194520
 H   6.41141103 -1.38353755 1.36108951
Cl  -5.09072977 1.59099339 -0.39298549
Cl  -2.53431093 -1.75686337 -0.88280518
Cl   5.09153823 1.58837452 -0.39515358
Cl   0.00039023 1.56910334 -0.45593092
Cl   2.53316830 -1.75813111 -0.88391058
$end
$temperature
298.15
$end
$mult
 1
$end
$sigma
 1
$end
$pressure
1.00000
$end
$scale
1.093
$end
$msrrho
$end
$freq
16.24
21.70
27.31
38.53
41.97
63.06
78.72
85.44
121.15
134.10
159.83
163.93
185.57
186.24
190.09
261.29
289.08
328.78
341.60
361.81
363.98
382.17
390.78
414.17
446.86
483.33
500.47
572.74
579.44
654.43
655.85
660.83
668.53
687.29
897.86
925.27
959.52
963.51
967.62
996.44
1036.91
1041.88
1090.96
1092.18
1114.13
1120.53
1125.26
1127.65
1140.15
1147.27
1156.58
1176.68
1179.21
1181.89
1189.12
1201.03
1202.15
1204.33
1221.97
1222.05
1225.59
1245.14
1245.19
1248.49
1248.70
1262.46
1265.06
1269.34
1273.76
1275.04
1282.93
1289.79
1302.42
1315.13
1331.15
1331.93
1339.62
1341.98
1347.19
1347.26
2640.57
2641.66
2644.82
2653.26
2655.02
2659.43
2663.41
2667.12
2670.84
2687.90
2687.96
2694.57
2694.67
2727.57
2730.73
2734.43
2737.03
2786.10
2786.21
$end
