$molecule
 C   1.65946802 -0.24003954 0.69678945
 H   0.55520263 -0.37959555 0.70378172
 C   2.33739821 -1.44535910 0.05777750
 H   3.41564224 -1.25054767 -0.15523226
 H   1.93040897 -0.19553250 1.77645649
 C   2.13648245 -2.72493867 0.83744099
 H   1.07206140 -2.93561371 1.02609151
 H   2.54155436 -3.59636701 0.30352154
 H   2.63676279 -2.68229962 1.81479226
 C   0.02346109 2.47503069 -0.76375396
 H  -0.57764602 3.36819465 -0.48733254
 H   0.55955706 2.76548190 -1.69169820
 C   1.04563870 2.21013968 0.35018432
 H   1.60435129 3.15517152 0.53387383
 H   0.52752172 2.01229029 1.30980332
 C   2.00774116 1.07414966 0.00483932
 H   2.10304609 0.95091697 -1.10134808
 C  -0.91015644 1.30311813 -1.08612798
 H  -1.45344021 1.53206076 -2.02829358
 H  -0.31250790 0.39229104 -1.31236979
 C  -1.90990683 0.98890489 0.02169188
 H  -1.41048254 0.88113866 1.01350307
 C  -2.80445256 -0.21337086 -0.28497431
 H  -3.30157970 -0.07685722 -1.27031864
 H  -3.64472737 -0.24983285 0.44663005
 C  -2.05241430 -1.54010275 -0.27288790
 H  -1.09376444 -1.48319860 -0.84515585
 C  -2.89942910 -2.70691847 -0.73274338
 H  -3.81280369 -2.82216564 -0.13213096
 H  -3.20663901 -2.59486963 -1.78128116
 H  -2.35157737 -3.65796553 -0.65641398
Cl   1.56540793 -1.69037360 -1.58720928
Cl   3.68126736 1.53684357 0.55968102
Cl  -1.55832783 -1.87802347 1.45242046
Cl  -3.02248632 2.41724947 0.19354552
$end
$temperature
298.15
$end
$mult
 1
$end
$sigma
 1
$end
$pressure
1.00000
$end
$scale
1.093
$end
$msrrho
$end
$freq
24.71
36.79
48.41
71.82
73.16
80.39
82.84
100.94
129.25
149.64
167.22
173.30
186.57
246.10
261.28
290.56
309.48
338.30
348.31
370.01
384.70
412.72
432.93
445.50
471.56
508.76
531.60
631.86
649.17
696.12
715.02
827.88
879.91
907.79
933.40
954.50
962.12
973.45
1008.19
1030.38
1039.38
1080.26
1100.84
1113.68
1126.97
1136.14
1142.38
1153.07
1165.12
1174.95
1177.60
1182.37
1186.74
1190.31
1195.63
1198.97
1203.99
1220.19
1236.44
1239.19
1240.20
1242.40
1244.43
1248.88
1253.79
1257.81
1260.80
1270.69
1271.72
1275.51
1283.89
1293.76
1302.78
1323.87
1327.77
1330.29
1343.60
1345.66
1347.79
2647.20
2649.21
2651.66
2654.61
2658.60
2661.01
2663.72
2665.79
2671.52
2687.44
2688.70
2689.32
2692.46
2732.92
2735.19
2736.96
2737.46
2740.90
2786.36
2787.04
$end
