$molecule
 C  -2.32065142 -0.48092107 0.88281114
 H  -1.84066047 0.36823756 1.44026754
 C  -3.51822970 0.03748578 0.10858861
 H  -3.86207750 -0.72405474 -0.63965973
 H  -2.68269762 -1.21930265 1.64829540
 C  -4.64768914 0.40761416 1.03953009
 H  -4.99378272 -0.50331633 1.58727853
 H  -4.31664229 1.16837716 1.78704795
 H  -5.51023014 0.82535643 0.46590364
 C   1.17657609 -1.75966775 -0.12289423
 H   1.96357563 -2.25068980 0.51020280
 H   0.83425200 -2.52234679 -0.87261002
 C   0.01256282 -1.37070108 0.76485266
 H  -0.15229099 -2.17556756 1.52977983
 H   0.26713472 -0.42894435 1.32230846
 C  -1.27663910 -1.13691798 -0.00297631
 H  -1.08406416 -0.50861995 -0.91172736
 C   1.78890106 -0.58902587 -0.86371331
 H   2.36982008 -0.97594084 -1.74342414
 H   0.97394646 0.06854837 -1.27077638
 C   2.69986469 0.26146924 0.00295908
 H   2.23706881 0.43736572 1.00839729
 C   3.03687883 1.58586371 -0.66136896
 H   3.21909029 1.41123855 -1.75500468
 H   3.98722671 1.99772613 -0.22773018
 C   1.93425042 2.61259742 -0.49299284
 H   2.07336151 3.41279668 -1.26868808
 H   0.93555660 2.13883068 -0.68570409
 C   1.93640501 3.24808913 0.87376066
 H   1.12106095 4.00811321 0.94617983
 H   1.77441495 2.48298249 1.67111678
 H   2.91106308 3.75672687 1.07150053
Cl  -3.06112127 1.44931135 -0.86858327
Cl  -1.90214268 -2.67115492 -0.64447456
Cl   4.20281923 -0.61932368 0.35868095
$end
$temperature
298.15
$end
$mult
 1
$end
$sigma
 1
$end
$pressure
1.00000
$end
$scale
0.961
$end
$msrrho
$end
$freq
13.34
18.59
29.71
35.75
44.82
66.90
87.33
107.81
129.03
147.20
165.75
168.31
243.45
254.97
302.65
334.91
343.43
373.33
374.10
405.95
425.33
466.53
488.59
512.48
556.76
702.57
717.43
750.60
834.77
880.58
915.42
950.80
975.14
993.26
1010.25
1018.76
1058.10
1068.09
1078.24
1107.62
1130.12
1134.22
1144.98
1190.86
1194.65
1201.88
1215.37
1216.42
1225.69
1228.57
1237.95
1241.44
1249.16
1259.89
1271.98
1281.79
1289.19
1290.69
1326.78
1338.06
1384.19
1388.67
1389.50
1390.92
1394.18
1395.83
1396.32
1396.74
1399.58
1403.75
1405.86
1410.19
1416.62
1421.28
1426.63
1433.48
1435.14
1441.39
3006.56
3007.73
3009.96
3012.22
3014.67
3016.80
3025.24
3030.11
3032.53
3058.95
3059.66
3061.83
3065.68
3081.13
3083.69
3085.79
3086.54
3090.78
3093.41
3154.88
3155.86
$end
