$molecule
 H   0.96379073 -0.06718496 -0.28995779
 C   0.42137294 -0.03092481 0.68458717
 C   1.40794575 0.08378154 1.83282888
 C  -0.49674199 -1.21818604 0.83805329
Cl  -0.59409073 1.44916140 0.66808898
 C   2.43583870 1.17273869 1.58745016
 H   1.91671870 -0.89029271 1.98245610
 H   0.86209049 0.29140834 2.77599731
 C   3.32031793 1.40303787 2.79939651
Cl   3.48661661 0.65130638 0.22574484
 H   1.93561878 2.12339912 1.27652197
 C   4.23769943 2.59559712 2.60417466
 H   3.92353444 0.49444302 3.00247758
 H   2.69011290 1.55936715 3.69875031
 C   5.25568719 2.72521855 3.72354750
Cl   3.23571715 4.08092046 2.58445343
 H   4.76662688 2.53331606 1.61483274
 C   6.31209571 3.76569764 3.38898749
 H   5.74682875 1.74635355 3.90766963
 H   4.75258409 2.99935569 4.67244227
 C   7.18596732 3.33632973 2.22213436
Cl   7.33673191 3.99450984 4.82952006
 H   5.82564992 4.74601752 3.15333642
 C   8.11789994 4.43988789 1.75156428
Cl   8.17541849 1.94187421 2.74030526
 H   6.52075050 2.99080163 1.38617621
 C   9.01010680 4.00202383 0.61644897
Cl   7.11216493 5.79840625 1.15283377
 H   8.71715163 4.81960947 2.61316702
 H   9.66130880 3.17201294 0.92376675
 H   8.42688649 3.66515004 -0.25108281
 H   9.65260121 4.82712897 0.28345970
 H  -1.04829742 -1.18442951 1.78713142
 H  -1.23626881 -1.25175622 0.02763843
 H   0.06670057 -2.16021965 0.81415549
$end
$temperature
298.15
$end
$mult
 1
$end
$sigma
 1
$end
$pressure
1.00000
$end
$scale
0.953
$end
$msrrho
$end
$freq
17.29
22.35
26.43
40.46
46.49
57.06
66.62
83.69
106.59
118.14
136.46
149.04
158.29
169.28
172.86
199.90
235.82
266.55
275.66
295.12
320.56
343.11
343.68
363.35
386.01
402.90
447.30
477.28
525.21
538.02
574.47
602.29
611.42
627.33
664.44
696.46
793.48
884.81
914.08
947.68
953.21
975.90
1017.78
1022.05
1050.08
1075.93
1094.48
1100.58
1108.84
1111.13
1117.76
1123.83
1129.94
1137.00
1146.74
1153.47
1155.65
1161.12
1170.69
1183.76
1194.16
1200.85
1206.22
1210.72
1214.68
1251.17
1264.87
1274.57
1338.93
1362.53
1375.48
1379.89
1383.52
1389.67
1390.83
1394.41
1397.28
1400.70
1405.47
1411.64
1421.07
2828.33
2855.73
2874.33
2884.43
2906.14
2906.74
2947.67
2949.39
2950.46
3021.80
3023.05
3023.36
3076.83
3081.56
3084.92
3085.35
3174.51
3178.58
$end
