$molecule
 C  -3.81159763 -0.31733031 1.02257837
 H  -3.75819547 0.49329704 1.79510232
 C  -5.06832237 -0.11829836 0.17345910
 H  -5.03907506 -0.73297185 -0.75986868
 H  -3.89202280 -1.29930735 1.55561646
 C  -6.35333958 -0.34938488 0.94686557
 H  -6.39693822 0.30145445 1.85096678
 H  -7.23424788 -0.10787228 0.30364384
 H  -6.42521617 -1.41613384 1.26142153
 C   0.00009107 -0.11884034 0.21626722
 H  -0.00027875 -0.77190155 -0.69399401
 C  -1.27013140 -0.31041453 1.04574565
 H  -1.20613137 -1.29028326 1.58542760
 H  -1.34049608 0.50683780 1.80962224
 C  -2.53382438 -0.28915214 0.18587692
 H  -2.53083777 0.57104318 -0.53197944
 C   1.27057571 -0.31109048 1.04519262
 H   1.34169425 0.50611908 1.80904449
 H   1.20628579 -1.29092736 1.58489851
 C   2.53390553 -0.29047528 0.18477611
 H   2.53103998 0.56971152 -0.53308867
 C   3.81202716 -0.31930726 1.02092560
 H   3.89217015 -1.30133858 1.55392829
 H   3.75935751 0.49134955 1.79347401
 C   5.06849402 -0.12091709 0.17126520
 H   5.03852346 -0.73557728 -0.76206036
 C   6.35371197 -0.35267950 0.94413750
 H   7.23446496 -0.11161208 0.30054360
 H   6.39802803 0.29813364 1.84822987
 H   6.42516918 -1.41947601 1.25864430
Cl  -5.07479674 1.61079876 -0.39513640
Cl  -2.52036216 -1.78596250 -0.84553454
Cl   5.07561393 1.60818520 -0.39731282
Cl   0.00040134 1.58584989 -0.40425815
Cl   2.51921174 -1.78729031 -0.84661895
$end
$temperature
298.15
$end
$mult
 1
$end
$sigma
 1
$end
$pressure
1.00000
$end
$scale
1.093
$end
$msrrho
$end
$freq
17.09
20.68
27.27
39.87
42.39
56.51
74.83
80.49
114.69
119.13
153.72
157.57
173.18
174.69
185.92
258.04
287.13
327.22
339.94
356.53
357.98
376.29
385.66
408.87
442.19
478.22
498.20
567.94
574.81
652.20
654.30
658.84
667.47
686.55
893.83
921.68
956.34
960.13
963.91
992.93
1033.10
1041.02
1085.09
1088.35
1099.60
1116.31
1123.32
1127.46
1134.69
1140.27
1149.05
1176.56
1177.03
1179.43
1185.61
1196.31
1197.10
1199.57
1217.28
1218.37
1220.43
1260.90
1270.82
1279.77
1290.30
1302.14
1328.03
1333.23
1339.55
1343.54
1348.25
1348.67
1349.66
1355.28
1357.54
1360.31
1364.02
1368.03
1403.52
1403.68
2627.35
2628.08
2629.12
2629.43
2649.09
2650.75
2653.39
2654.11
2655.44
2662.89
2662.94
2674.07
2674.21
2756.36
2759.67
2763.52
2766.44
2850.43
2850.52
$end
