$molecule
 H   0.11000951 -0.49650830 -0.00211503
 C   0.04485600 -0.10889175 1.04453597
 C   1.42977868 0.02616489 1.68902346
 C  -0.76135546 1.17084537 1.10146784
Cl  -0.84448280 -1.35660501 2.01181272
 C   2.26918095 -1.25296755 1.65614200
Cl   2.29462799 1.35180120 0.84253707
 H   1.32234981 0.35536526 2.75858705
 H  -1.79847586 1.00509600 0.77227198
 H  -0.81420526 1.58945428 2.11552262
 H  -0.34074483 1.94839617 0.44601667
 C   3.70039309 -1.01188202 2.13187040
Cl   2.34932230 -1.92956378 -0.01170472
 H   1.76344478 -2.04046107 2.28092636
 C   4.41152207 -2.32356432 2.45925530
 H   4.28024159 -0.44919510 1.36307234
 H   3.69324873 -0.33508066 3.01799587
 C   5.92906627 -2.14037247 2.55989998
Cl   3.73457191 -2.94839369 4.00604616
 H   4.18266351 -3.10642177 1.68429115
 C   6.67544429 -3.38202098 3.06187332
Cl   6.30005324 -0.78701875 3.67945890
 H   6.31552441 -1.83328847 1.54793829
 C   8.19281197 -3.18699183 3.14000594
Cl   6.31151768 -4.71672834 1.91829675
 H   6.28397887 -3.69479751 4.07085593
 C   8.94746656 -4.43930437 3.60895900
Cl   8.82706166 -2.76215552 1.51546865
 H   8.43605761 -2.32414163 3.81778664
 C  10.44590510 -4.23485794 3.67020339
Cl   8.37494194 -4.78275066 5.29201753
 H   8.68858251 -5.33471393 2.99155443
 H  10.94711857 -5.08996375 4.14881846
 H  10.88663332 -4.12955443 2.66735243
 H  10.72436013 -3.34188167 4.24641815
$end
$temperature
298.15
$end
$mult
 1
$end
$sigma
 1
$end
$pressure
1.00000
$end
$scale
1.093
$end
$msrrho
$end
$freq
15.11
24.35
28.24
38.12
43.47
55.76
61.09
69.36
76.17
111.97
114.34
125.89
155.05
159.49
163.93
170.51
181.99
183.08
198.70
265.00
291.20
299.02
311.37
313.36
339.38
387.05
399.70
401.95
407.53
427.27
466.14
497.19
577.13
609.68
650.55
688.44
718.06
729.15
729.63
755.37
784.87
797.39
823.87
959.85
971.26
973.39
1049.09
1049.60
1078.23
1094.52
1113.74
1120.93
1139.78
1143.23
1147.12
1149.29
1151.39
1161.25
1172.19
1175.78
1184.03
1188.19
1193.61
1200.15
1210.12
1215.31
1237.22
1237.74
1239.53
1245.88
1251.10
1256.92
1258.23
1268.02
1276.02
1289.31
1299.11
1299.24
1314.27
1322.95
1349.11
1349.58
1361.95
2620.70
2626.33
2631.41
2637.78
2640.06
2644.07
2648.79
2660.21
2661.53
2680.77
2680.97
2690.69
2691.41
2723.53
2783.81
2784.10
$end
