$molecule
 C  -2.15791287 0.98216787 -0.78476593
 H  -2.49935937 0.51897614 -1.74718435
 C  -3.37403337 1.50235691 -0.01778780
 H  -3.12194409 1.74505694 1.04373704
 H  -1.49454837 1.85038658 -1.03572567
 C  -4.05718222 2.67038644 -0.70450490
 H  -3.37583632 3.55226296 -0.72835510
 H  -4.34619087 2.40529524 -1.74817128
 H  -4.98441213 2.95124286 -0.14879082
 C   0.45644120 -1.81455364 -0.05528262
 H   0.60756569 -1.56134588 1.02219262
 C  -0.24454400 -0.68918442 -0.81236273
 H   0.50799200 0.10045058 -1.07714288
 H  -0.66888307 -1.09102219 -1.76856349
 C  -1.36626004 -0.05526318 0.00676554
 H  -2.03361102 -0.82890904 0.46441874
 C   1.75754745 -2.30296877 -0.69207925
 H   2.16373314 -3.13235347 -0.05829550
 H   1.53692829 -2.72434245 -1.70580462
 C   2.83336054 -1.21655545 -0.84734310
 H   2.52039048 -0.49796753 -1.64497792
 H   3.77444612 -1.71436299 -1.19076923
 C   3.11946468 -0.44557245 0.44929928
 H   3.47894912 -1.15755402 1.23195826
 H   2.17984181 0.03673013 0.82334380
 C   4.17489824 0.63979151 0.24510123
 H   5.06282403 0.25870407 -0.31108546
 C   4.57978140 1.33376803 1.53264130
 H   3.68681494 1.76727003 2.04332109
 H   5.07199916 0.60951586 2.22121299
 H   5.29199071 2.16515899 1.31552636
Cl  -4.58152590 0.14246350 0.08004856
Cl  -0.58752086 0.80805241 1.41293956
Cl   3.45265174 1.91231706 -0.84866370
Cl  -0.67689881 -3.24224680 -0.03212303
$end
$temperature
298.15
$end
$mult
 1
$end
$sigma
 1
$end
$pressure
1.00000
$end
$scale
1.093
$end
$msrrho
$end
$freq
4.87
20.70
25.06
41.50
47.43
79.17
87.06
108.34
130.83
154.48
170.70
174.14
184.41
205.12
234.50
290.49
320.22
339.84
347.75
364.69
372.19
399.52
414.83
467.65
499.78
512.59
556.89
644.48
646.21
661.80
708.12
801.34
876.86
915.24
954.72
962.54
977.73
988.82
1023.59
1036.97
1040.32
1093.20
1104.82
1120.39
1125.87
1127.43
1131.86
1144.79
1163.38
1170.96
1179.10
1187.97
1191.60
1195.81
1199.90
1204.85
1211.81
1220.04
1239.75
1262.85
1267.18
1280.28
1287.89
1325.92
1330.59
1333.59
1340.91
1342.79
1348.44
1348.99
1350.42
1356.86
1359.36
1365.55
1367.80
1370.73
1383.99
1403.57
1403.74
2620.27
2622.26
2628.08
2632.49
2646.77
2653.28
2654.83
2657.21
2663.11
2663.63
2665.95
2674.25
2679.53
2756.00
2761.34
2763.14
2768.35
2771.63
2850.48
2850.55
$end
