$molecule
 H  -0.65966745 -0.68513280 1.14507035
 C  -0.01683328 0.16795968 1.47104272
 C   1.39077441 0.01756385 0.94410765
 H  -0.47024650 1.11827298 1.09630200
 H  -0.00694868 0.20233643 2.58829690
 C   1.99937609 -1.34146783 1.27912903
Cl   1.36901622 0.23136442 -0.81834917
 H   2.04571927 0.84201480 1.33138757
 C   3.43187361 -1.49186893 0.77583093
Cl   1.91864776 -1.62784603 3.02205819
 H   1.37197510 -2.15433728 0.82186778
 C   3.93269898 -2.91337290 0.96836031
Cl   4.51843049 -0.33979042 1.56192316
 H   3.46321089 -1.21864432 -0.31518027
 C   5.20473338 -3.19706163 0.18755445
 H   3.12901088 -3.62935472 0.64649718
 H   4.12960316 -3.09888586 2.05956174
 C   5.80297667 -4.52386520 0.62512940
Cl   4.86674516 -3.21470884 -1.55313563
 H   5.94050777 -2.36219796 0.32678573
 C   7.20693602 -4.73666822 0.08257098
 H   5.13654136 -5.36001790 0.27945643
 H   5.82378702 -4.55950969 1.74829680
 C   8.25755585 -3.94146408 0.85213065
Cl   7.58311485 -6.46336277 0.08248677
 H   7.24446635 -4.43777304 -1.00153514
 C   9.62271151 -3.95638611 0.16884916
Cl   8.40576069 -4.53326114 2.51185079
 H   7.90335662 -2.88021016 0.95711464
 C  10.67728320 -3.21652344 0.95735034
Cl   9.48058832 -3.21141177 -1.43693455
 H   9.94571094 -5.01302022 -0.02568314
 H  11.61764043 -3.13014195 0.35954990
 H  10.33016206 -2.18918989 1.22428799
 H  10.91205375 -3.77108894 1.89906576
$end
$temperature
298.15
$end
$mult
 1
$end
$sigma
 1
$end
$pressure
1.00000
$end
$scale
0.961
$end
$msrrho
$end
$freq
10.03
17.13
19.98
35.01
36.96
47.23
50.79
78.04
85.99
120.42
138.18
143.68
157.80
165.67
168.35
185.00
195.04
236.92
277.08
296.66
300.26
321.60
326.86
374.61
388.04
405.58
414.17
420.27
477.43
515.44
568.07
599.68
658.49
718.45
736.15
770.79
773.97
781.03
830.97
871.03
933.27
992.06
1006.27
1018.73
1065.53
1066.42
1121.90
1128.59
1132.61
1135.42
1156.16
1165.83
1182.77
1193.02
1204.82
1211.74
1214.89
1220.11
1225.22
1227.15
1230.46
1234.10
1246.16
1251.62
1267.69
1275.00
1285.98
1294.79
1324.43
1341.11
1374.08
1375.68
1383.54
1383.63
1387.41
1389.41
1389.56
1392.04
1408.04
1420.50
1432.69
1432.73
2992.43
2992.99
3006.68
3007.18
3007.93
3009.69
3027.40
3028.62
3029.03
3055.57
3055.71
3064.19
3064.43
3078.89
3081.78
3153.34
3153.54
$end
