$molecule
 C  -2.15088375 -0.66548788 0.91655581
 H  -1.80775240 -0.26714976 1.89778450
 C  -3.10268349 0.31873522 0.25126401
 H  -3.33489763 0.04678673 -0.80203411
 H  -2.70352216 -1.59678050 1.17447960
 C  -4.35618056 0.55837702 1.06217459
 H  -4.96127120 -0.35612018 1.13914590
 H  -4.13887657 0.89296006 2.08625638
 H  -4.99990902 1.32659856 0.60763325
 C   1.32987451 -2.12999852 -0.08888575
 H   2.10842826 -2.59675412 0.55021727
 H   1.05928338 -2.91196450 -0.82873702
 C   0.11009265 -1.79408944 0.78066327
 H  -0.32371045 -2.73822251 1.17276401
 H   0.44086017 -1.23416169 1.68177114
 C  -0.94473665 -0.98416694 0.04496827
 H  -0.51127655 -0.07105383 -0.42163988
 C   1.92244966 -0.92783016 -0.83266197
 H   2.79893284 -1.26611568 -1.42719666
 H   1.20289786 -0.55947064 -1.59502576
 C   2.31598405 0.21354097 0.09029527
 H   1.55024412 0.42213023 0.86690066
 C   2.71398104 1.47945183 -0.65510858
 H   3.29608871 1.23287813 -1.56444647
 H   3.39634959 2.10316210 -0.03962679
 C   1.47442521 2.30840350 -1.02732418
 H   1.74108398 3.02487993 -1.82970982
 H   0.68789970 1.66243493 -1.46171894
 C   0.92221281 3.07203901 0.17526103
 H   0.06178715 3.69021488 -0.11016235
 H   0.58621055 2.39852149 0.97086380
 H   1.67444925 3.74087021 0.60860996
Cl  -2.23493209 1.89763881 0.12346891
Cl  -1.52914504 -1.96044179 -1.34968671
Cl   3.75067284 -0.33800694 1.03926986
$end
$temperature
298.15
$end
$mult
 1
$end
$sigma
 1
$end
$pressure
1.00000
$end
$scale
1.093
$end
$msrrho
$end
$freq
16.51
20.04
30.83
44.76
75.62
85.75
99.35
107.98
135.28
170.46
173.41
206.01
227.50
243.57
275.37
308.89
320.35
338.02
360.40
382.49
404.51
447.12
451.63
492.38
554.88
643.06
661.59
698.23
831.05
845.45
898.17
929.31
960.77
969.15
981.88
1002.51
1009.70
1056.97
1064.08
1076.67
1112.13
1131.55
1138.02
1143.95
1152.60
1160.04
1167.56
1169.75
1187.83
1196.61
1203.92
1209.47
1214.56
1223.53
1230.43
1240.88
1243.69
1278.40
1283.47
1286.95
1289.77
1298.73
1300.93
1307.96
1310.58
1314.00
1318.06
1323.35
1326.18
1329.85
1330.61
1341.83
1351.96
1368.36
1378.26
1396.74
1401.27
1404.71
2641.36
2642.87
2647.99
2654.32
2658.02
2659.29
2661.20
2666.99
2668.36
2675.94
2676.19
2681.96
2685.32
2731.24
2734.97
2737.57
2738.50
2741.05
2744.90
2778.54
2783.01
$end
