$molecule
 H   0.05085223 -0.85852731 0.24493916
 C   0.09270809 -0.18543845 1.13235582
 C   1.49355287 0.05022010 1.64278451
 C  -0.70910076 1.07557905 0.96963348
Cl  -0.70088693 -1.13980685 2.52931693
 C   2.29501956 -1.21617428 1.81145235
Cl   2.31126294 1.07970563 0.34299812
 H   1.51258019 0.66855601 2.57156647
 H  -1.75203700 0.85683578 0.69485807
 H  -0.74677671 1.67834399 1.88930798
 H  -0.29009739 1.71624398 0.17655112
 C   3.75627639 -0.95471830 2.10299803
Cl   2.25910259 -2.12172672 0.19064259
 H   1.81081727 -1.91066885 2.54630286
 C   4.48151382 -2.26145000 2.33770654
 H   4.22885182 -0.39509025 1.26164139
 H   3.86032438 -0.28478361 2.98856346
 C   5.96259490 -2.07852569 2.55206930
Cl   3.77303522 -2.96197022 3.90260081
 H   4.27441209 -3.03132932 1.54961787
 C   6.65514099 -3.33375752 3.02412887
Cl   6.20367706 -0.86449481 3.92467946
 H   6.45714359 -1.62624415 1.65526650
 C   8.13366582 -3.14143075 3.25182019
Cl   6.44115544 -4.51934787 1.62558997
 H   6.16230678 -3.80812506 3.91557481
 C   8.87038479 -4.43454430 3.50180464
Cl   8.86567674 -2.47247231 1.69024930
 H   8.32479206 -2.36584195 4.03490574
 C  10.34047945 -4.24650571 3.75362806
Cl   8.12996007 -5.03848956 5.10521203
 H   8.64437435 -5.22466740 2.74885998
 H  10.82725084 -5.19557218 4.02439580
 H  10.85351599 -3.86011861 2.85783671
 H  10.54488784 -3.54330140 4.57487234
$end
$temperature
298.15
$end
$mult
 1
$end
$sigma
 1
$end
$pressure
1.00000
$end
$scale
1.0
$end
$msrrho
$end
$freq
15.71
27.84
30.45
44.83
50.30
56.97
63.96
75.64
84.35
108.48
109.10
125.50
152.23
159.65
163.95
165.92
172.97
178.20
179.52
227.06
243.17
248.48
272.18
278.99
293.51
325.22
347.27
379.18
380.11
393.54
430.34
469.57
520.86
554.88
585.23
598.66
610.90
621.03
626.20
650.12
684.15
712.11
751.00
952.65
971.69
974.54
1021.61
1022.02
1090.89
1102.29
1108.38
1117.42
1120.06
1124.29
1139.71
1143.88
1154.88
1158.21
1162.86
1170.50
1177.20
1184.97
1186.79
1204.63
1211.01
1218.08
1220.16
1225.20
1229.64
1236.38
1263.10
1264.35
1264.60
1265.76
1278.98
1281.48
1282.56
1327.58
1335.61
1348.43
1369.62
1385.32
1393.82
2868.62
2886.26
2889.83
2904.97
2909.50
2913.22
2932.51
2942.17
2944.46
2958.90
3010.54
3010.70
3021.62
3021.71
3074.29
3074.46
$end
