$molecule
 H  -0.00767062 -0.71960506 0.15159942
 C   0.01587221 -0.14173666 1.10922916
 C   1.44910693 0.04872196 1.62311060
 C  -0.76034732 1.15452921 0.98710922
Cl  -0.82421619 -1.17291133 2.34316801
 C   2.26776026 -1.24396126 1.66907874
Cl   2.26761074 1.23088125 0.55027920
 H   1.43242113 0.51441058 2.64503382
 H  -1.83596558 0.93595903 0.77741097
 H  -0.70224062 1.75080079 1.92717284
 H  -0.35823935 1.76981586 0.14550552
 C   3.70314233 -1.00210574 2.13628767
Cl   2.33514900 -1.98169520 0.02651102
 H   1.74854891 -1.99800380 2.32220538
 C   4.42397376 -2.31287781 2.45287159
 H   4.27066224 -0.45202162 1.33771405
 H   3.68742460 -0.34924236 3.05028552
 C   5.93142788 -2.10972611 2.63290683
Cl   3.72145061 -2.98475243 3.96821594
 H   4.23141447 -3.08136737 1.65532711
 C   6.68809383 -3.39378388 2.99358748
Cl   6.19966240 -0.92432370 3.95372964
 H   6.36135596 -1.65286489 1.69949341
 C   8.19622866 -3.17988472 3.15604175
Cl   6.42888231 -4.56194005 1.65458830
 H   6.25782955 -3.85970328 3.92394486
 C   8.93830597 -4.44502140 3.61002701
Cl   8.87774564 -2.68859739 1.57001581
 H   8.40324692 -2.33678887 3.86853602
 C  10.44175639 -4.26703247 3.68457792
Cl   8.34131812 -4.80617441 5.28281729
 H   8.66467929 -5.33021381 2.98292937
 H  10.90702140 -5.15846972 4.17192203
 H  10.87291511 -4.16414082 2.65897956
 H  10.71206251 -3.36357933 4.27962798
$end
$temperature
298.15
$end
$mult
 1
$end
$sigma
 1
$end
$pressure
1.00000
$end
$scale
1.093
$end
$msrrho
$end
$freq
12.36
21.86
26.06
34.34
40.84
49.22
57.98
60.85
73.48
110.01
111.49
125.45
149.33
153.55
158.93
163.29
174.13
179.52
183.35
247.47
282.52
292.77
306.28
311.08
330.37
377.34
395.12
397.10
405.02
430.40
463.52
496.28
574.26
602.89
646.07
687.81
717.83
725.35
726.23
758.05
787.15
800.49
826.29
961.35
967.53
969.74
1045.71
1046.42
1075.53
1089.74
1113.48
1117.15
1134.21
1137.76
1139.50
1145.85
1147.93
1154.52
1163.79
1168.80
1180.81
1183.53
1187.09
1193.21
1202.15
1211.18
1226.54
1240.02
1255.66
1262.61
1283.19
1289.49
1291.60
1300.61
1306.79
1337.57
1338.05
1349.74
1350.11
1354.19
1363.56
1409.55
1409.78
2612.02
2623.42
2634.41
2635.54
2640.57
2645.06
2646.50
2651.94
2653.86
2655.36
2655.67
2671.94
2672.58
2751.51
2847.74
2848.01
$end
