$molecule
 H   0.04830393 -0.59915077 0.06115817
 C   0.02873271 -0.12547347 1.07380018
 C   1.43864959 0.03678634 1.65522542
 C  -0.76012655 1.16566065 1.05538666
Cl  -0.84028753 -1.28119836 2.16701042
 C   2.26910762 -1.24863008 1.65625744
Cl   2.28122308 1.29728333 0.69541610
 H   1.37722019 0.43158769 2.70519699
 H  -1.80989244 0.98964015 0.77477610
 H  -0.77515525 1.66644066 2.03287846
 H  -0.35431356 1.88297585 0.32581325
 C   3.70061265 -1.00897318 2.13310365
Cl   2.34674035 -1.94249516 -0.00423350
 H   1.75698375 -2.02391921 2.28992477
 C   4.41642098 -2.31881113 2.45966601
 H   4.27799299 -0.44484728 1.36338620
 H   3.69303510 -0.33508181 3.02154743
 C   5.92928709 -2.12527988 2.60161608
Cl   3.72899555 -2.96154650 3.99386763
 H   4.20510432 -3.09563706 1.67478129
 C   6.68074875 -3.39175972 3.02905745
Cl   6.24575877 -0.85782589 3.83253903
 H   6.33862631 -1.73657534 1.62831836
 C   8.19424631 -3.18705385 3.14469088
Cl   6.37260108 -4.64128663 1.77728809
 H   6.27046277 -3.78722286 4.00019775
 C   8.94323317 -4.44125623 3.61699290
Cl   8.84343362 -2.75305761 1.52857946
 H   8.42463883 -2.32597641 3.82790412
 C  10.44304621 -4.24973126 3.67360520
Cl   8.36953460 -4.77561161 5.30209875
 H   8.67428980 -5.33859269 3.00648204
 H  10.93870968 -5.10630126 4.15560777
 H  10.88265715 -4.15470397 2.66903113
 H  10.73367209 -3.35644107 4.24344236
$end
$temperature
298.15
$end
$mult
 1
$end
$sigma
 1
$end
$pressure
1.00000
$end
$scale
1.093
$end
$msrrho
$end
$freq
12.04
22.26
25.91
34.55
38.69
50.59
57.92
61.62
71.85
109.41
110.75
123.88
149.14
154.60
155.07
164.33
173.73
176.87
186.44
252.57
283.13
293.75
308.28
311.00
331.86
379.39
394.94
396.59
403.89
426.39
463.95
495.35
574.02
604.86
646.41
687.16
717.90
727.69
728.16
757.40
785.44
798.94
825.70
957.81
966.63
968.76
1043.91
1044.51
1076.32
1092.30
1111.90
1118.35
1135.31
1138.08
1143.87
1145.94
1148.37
1157.03
1167.74
1171.23
1182.29
1185.54
1188.65
1196.33
1205.46
1212.26
1231.56
1236.23
1236.81
1237.29
1247.09
1250.58
1252.38
1259.69
1262.47
1282.51
1288.46
1291.36
1301.52
1309.33
1344.30
1344.55
1349.08
2623.98
2629.13
2634.93
2641.08
2642.42
2646.62
2650.60
2661.27
2662.75
2680.93
2681.03
2690.61
2691.30
2723.95
2785.10
2785.39
$end
