$molecule
 H   0.91487995 -0.27493677 -0.32033032
 C   0.64086971 0.00801587 0.70710888
 C   1.78898243 -0.19414903 1.65858512
 H   0.30976329 1.05837277 0.66731188
 H  -0.23242786 -0.59951279 0.98933395
 C   1.47217854 0.23568445 3.07041707
Cl   3.17014562 0.88490834 1.05144758
 H   2.20399745 -1.23062270 1.63686634
 C   2.67870347 0.22655443 3.97734392
Cl   0.92938382 1.99705716 3.03864971
 H   0.61166275 -0.34219305 3.49158704
 C   2.36528745 0.68003658 5.38037842
Cl   3.18009258 -1.55143015 4.05532118
 H   3.55811522 0.78036975 3.55063131
 C   3.50407975 0.44078985 6.34142229
Cl   0.98723699 -0.36699963 6.02721280
 H   1.98601326 1.73705796 5.39548722
 C   3.18760216 0.89330425 7.74479259
Cl   4.87943243 1.48552151 5.69930238
 H   3.88056342 -0.61738564 6.32761771
 C   4.39395712 0.87161057 8.65126867
Cl   2.68892592 2.66921433 7.67236196
 H   2.30677228 0.33954701 8.16742362
 C   4.08087033 1.32919424 10.05410354
Cl   4.88038703 -0.90679286 8.72228324
 H   5.27868098 1.42095135 8.22995232
 C   5.21733844 1.10278826 11.02101084
Cl   2.69758642 0.28544036 10.69462077
 H   3.69965726 2.38096169 10.05960832
 C   4.92307189 1.58871401 12.41284322
Cl   6.56996486 2.20075876 10.35023436
 H   5.62612452 0.06646575 10.98704937
 H   5.80189455 1.49090251 13.06788864
 H   4.62785955 2.64840218 12.43981799
 H   4.10576548 1.01043163 12.87393882
$end
$temperature
298.15
$end
$mult
 1
$end
$sigma
 1
$end
$pressure
1.00000
$end
$scale
1.0
$end
$msrrho
$end
$freq
16.71
29.62
31.18
42.30
50.05
57.64
63.53
72.61
75.76
102.03
118.14
124.40
127.44
147.82
159.42
163.38
165.21
168.57
174.42
177.45
194.81
238.31
246.76
265.67
271.11
281.55
283.09
318.77
346.85
379.59
414.80
427.74
447.32
476.50
512.69
562.03
576.51
596.76
613.46
631.12
645.99
665.80
673.96
706.27
741.23
769.75
972.82
976.78
1021.66
1024.74
1088.71
1095.16
1108.74
1112.61
1119.68
1123.46
1133.26
1145.97
1154.75
1156.48
1159.03
1168.72
1178.05
1187.56
1192.05
1202.14
1210.79
1214.88
1217.92
1225.43
1229.15
1239.32
1247.65
1264.05
1265.02
1279.56
1281.90
1284.58
1321.07
1335.29
1343.94
1364.44
1382.24
1391.31
2866.30
2868.41
2872.50
2878.05
2881.70
2912.13
2912.69
2927.57
2942.43
3010.50
3011.83
3020.44
3021.46
3072.91
3074.18
$end
