$molecule
 H   0.86569741 -0.38330135 -0.39424928
 C   0.58555320 -0.03526644 0.62945869
 C   1.77943041 -0.15559756 1.55848667
 H   0.24682878 1.02713568 0.54875536
 H  -0.26245461 -0.65585922 0.99965451
 C   1.46935650 0.31185934 2.98638039
Cl   3.11342121 0.86155412 0.89546477
 H   2.17232446 -1.20523202 1.56399198
 C   2.64628344 0.13838247 3.95480450
Cl   1.05916464 2.05694543 2.94146738
 H   0.55913976 -0.22384333 3.36707388
 C   2.32860246 0.60669303 5.37872420
Cl   3.03970638 -1.61341471 4.01983412
 H   3.55804840 0.66484807 3.55594589
 C   3.53513970 0.51384168 6.32297654
Cl   1.03952227 -0.45278341 6.04236958
 H   1.91917577 1.65489889 5.36937238
 C   3.21525676 0.97886705 7.74811510
Cl   4.82130833 1.57489768 5.66295115
 H   3.94504722 -0.53416530 6.33101316
 C   4.39244187 0.79580679 8.71525112
Cl   2.82651203 2.72992301 7.69054526
 H   2.30234272 0.45296183 8.14322998
 C   4.07761327 1.26227525 10.14001958
Cl   4.77720376 -0.95657590 8.76970173
 H   5.30926291 1.32063667 8.32628168
 C   5.28598914 1.17241690 11.08303315
Cl   2.78426007 0.21592086 10.81085600
 H   3.67221921 2.30979519 10.13427715
 C   4.96116370 1.55087161 12.51431571
Cl   6.50227520 2.36288320 10.45945644
 H   5.77614078 0.16818761 11.02940710
 H   5.90228745 1.62200939 13.11249110
 H   4.44176914 2.53647286 12.56306670
 H   4.30634842 0.77622385 12.98286906
$end
$temperature
298.15
$end
$mult
 1
$end
$sigma
 1
$end
$pressure
1.00000
$end
$scale
1.093
$end
$msrrho
$end
$freq
15.92
25.70
26.77
35.77
43.63
44.13
54.14
61.33
88.85
109.39
119.84
127.71
129.52
152.20
158.40
165.02
167.26
170.34
173.16
180.06
196.23
250.69
277.32
299.43
308.85
319.68
322.62
358.03
390.68
404.67
445.15
470.23
490.01
514.07
560.51
620.29
646.28
698.31
725.14
750.22
754.55
777.28
794.95
811.37
825.92
838.81
965.72
970.59
1037.12
1046.12
1070.97
1077.20
1110.97
1120.79
1130.36
1134.32
1136.26
1140.70
1144.06
1148.91
1156.38
1164.22
1174.16
1180.08
1182.95
1193.32
1201.16
1206.81
1209.26
1254.46
1256.35
1276.99
1279.29
1286.15
1292.31
1306.87
1315.16
1318.27
1336.85
1337.44
1349.31
1350.84
1409.39
1409.70
2620.09
2621.97
2624.61
2634.70
2636.58
2640.59
2643.57
2650.02
2651.82
2655.48
2662.03
2664.95
2671.90
2847.70
2847.90
$end
