$molecule
 C  -2.27600455 0.92195859 -0.90052300
 H  -2.62093564 0.36776233 -1.79738752
 C  -3.47401144 1.45026906 -0.13245324
 H  -3.15304184 1.85130572 0.85821720
 H  -1.67489827 1.77330234 -1.28003769
 C  -4.24123618 2.48760385 -0.91436238
 H  -3.62468978 3.37610291 -1.10394146
 H  -4.57294565 2.09940323 -1.88665290
 H  -5.13496071 2.81301457 -0.36653605
 C   0.48644153 -1.63938875 -0.02758547
 H   0.81500935 -1.16479348 0.93577830
 C  -0.31431369 -0.64935457 -0.85335726
 H   0.39395568 0.10758189 -1.26594182
 H  -0.76073497 -1.16198578 -1.72954367
 C  -1.40827236 0.01870258 -0.04335453
 H  -2.03181311 -0.74839936 0.47913690
 C   1.70551240 -2.14983159 -0.77990124
 H   2.15044439 -3.00177361 -0.22832863
 H   1.40211965 -2.55342838 -1.76600016
 C   2.72914904 -1.03920342 -0.96285401
 H   2.22883056 -0.16269211 -1.43884246
 H   3.52222705 -1.36449550 -1.66256585
 C   3.33350310 -0.62097389 0.36809614
 H   3.89041018 -1.46810439 0.81667459
 H   2.50898709 -0.39032695 1.08274826
 C   4.26520937 0.56625611 0.22281179
 H   5.01644687 0.37864459 -0.57867326
 C   4.94360766 0.92305158 1.52281966
 H   4.21330413 1.13361429 2.31561180
 H   5.58523897 0.10344446 1.87202953
 H   5.57360267 1.81465099 1.40944420
Cl  -4.58363370 0.07592643 0.19016678
Cl  -0.63672407 1.03101723 1.22446691
Cl   3.30208541 1.99132266 -0.29657585
Cl  -0.55335865 -3.03798183 0.36544202
$end
$temperature
298.15
$end
$mult
 1
$end
$sigma
 1
$end
$pressure
1.00000
$end
$scale
0.953
$end
$msrrho
$end
$freq
19.48
23.24
31.09
40.26
53.27
72.52
85.69
100.56
142.18
151.09
167.96
169.81
180.48
217.36
263.49
292.51
314.24
328.34
342.89
352.23
359.47
388.26
406.64
467.68
494.11
511.75
561.30
601.16
604.81
617.23
698.68
814.99
880.69
906.74
945.59
949.65
968.62
976.17
1017.34
1018.23
1023.30
1067.13
1075.41
1101.02
1112.76
1115.99
1121.93
1125.91
1132.00
1138.50
1150.12
1152.23
1159.63
1168.71
1172.03
1184.70
1192.65
1196.58
1198.61
1200.84
1227.25
1233.02
1267.68
1301.48
1341.11
1370.79
1375.61
1380.52
1384.12
1392.07
1394.36
1395.26
1399.77
1401.26
1404.41
1408.46
1408.86
1420.63
1423.29
2834.59
2884.82
2892.26
2905.97
2909.52
2919.79
2922.73
2950.46
2961.70
3001.09
3007.22
3016.72
3023.41
3038.31
3081.54
3081.54
3085.38
3085.70
3178.54
3178.96
$end
