$molecule
 C  -3.78789919 -0.31653819 1.00961173
 H  -3.72640281 0.46255746 1.80299856
 C  -5.04925304 -0.11784280 0.17867789
 H  -5.04367954 -0.71397360 -0.76085747
 H  -3.86149034 -1.27614437 1.56844741
 C  -6.31335218 -0.34305433 0.97846569
 H  -6.36005428 0.28434084 1.87939649
 H  -7.21654914 -0.11979620 0.39004685
 H  -6.39847143 -1.38956175 1.30325036
 C   0.00007107 -0.11825259 0.18217854
 H  -0.00030756 -0.75336466 -0.73384653
 C  -1.26212649 -0.30427979 1.01449800
 H  -1.19573261 -1.25838911 1.58399323
 H  -1.32993501 0.48689663 1.79525688
 C  -2.52413612 -0.28520870 0.16249942
 H  -2.52755319 0.55345452 -0.57198572
 C   1.26256523 -0.30492048 1.01389354
 H   1.33113033 0.48622235 1.79462263
 H   1.19593562 -1.25898173 1.58342556
 C   2.52421848 -0.28651882 0.16135937
 H   2.52776236 0.55215340 -0.57310704
 C   3.78829855 -0.31851994 1.00798469
 H   3.86159681 -1.27818193 1.56676468
 H   3.72751396 0.46060694 1.80141372
 C   5.04941417 -0.12047267 0.17653336
 H   5.04313694 -0.71657898 -0.76301988
 C   6.31376887 -0.34634214 0.97572572
 H   7.21679625 -0.12352880 0.38687965
 H   6.36124694 0.28100878 1.87664998
 H   6.39854596 -1.39287947 1.30045164
Cl  -5.05930245 1.59670069 -0.37487252
Cl  -2.51556492 -1.77706113 -0.84376880
Cl   5.06012018 1.59409079 -0.37694629
Cl   0.00036281 1.57101262 -0.42657979
Cl   2.51443160 -1.77834922 -0.84493874
$end
$temperature
298.15
$end
$mult
 1
$end
$sigma
 1
$end
$pressure
1.00000
$end
$scale
1.093
$end
$msrrho
$end
$freq
13.03
17.95
23.24
33.44
36.77
52.49
71.11
74.13
113.69
116.01
150.57
153.25
168.64
171.92
182.09
245.45
273.48
311.61
321.94
334.88
335.93
355.81
363.68
387.69
427.21
464.01
492.89
560.13
566.65
646.74
649.51
653.56
666.53
686.05
912.16
941.19
971.98
975.36
980.13
1014.15
1063.02
1065.45
1073.14
1087.23
1120.97
1137.11
1141.02
1141.56
1143.03
1143.61
1151.25
1170.89
1179.13
1188.65
1198.41
1204.04
1204.07
1206.07
1222.68
1240.78
1256.68
1279.43
1279.58
1283.76
1283.95
1287.07
1288.39
1290.59
1295.38
1295.41
1313.08
1314.84
1322.66
1331.16
1335.81
1352.62
1371.95
1387.52
1397.82
1398.42
2640.15
2640.22
2641.78
2641.86
2657.05
2659.02
2660.37
2661.77
2666.20
2666.86
2667.09
2681.15
2681.55
2725.61
2728.92
2732.96
2736.70
2778.37
2778.54
$end
