$molecule
 H   0.72163513 0.00351642 -0.27298383
 C   0.29678428 -0.04028978 0.76422384
 C   1.40344411 0.07287466 1.79666088
 C  -0.49134466 -1.31418931 0.95492609
Cl  -0.79052169 1.35841441 0.86340793
 C   2.40141943 1.17282412 1.48228805
 H   1.93657551 -0.91411591 1.85802342
 H   0.95264419 0.27326714 2.80625122
 C   3.31843501 1.41192061 2.66853344
Cl   3.35688015 0.74115756 0.04795099
 H   1.86753448 2.11854069 1.19877199
 C   4.18681493 2.64832299 2.50996846
 H   3.98394521 0.51807670 2.81189427
 H   2.69020923 1.51488241 3.59449619
 C   5.25844483 2.67870239 3.58729940
Cl   3.19068551 4.11257408 2.58733921
 H   4.64774476 2.67095805 1.48784140
 C   6.31842899 3.73630134 3.32562505
 H   5.74310325 1.66648162 3.64557308
 H   4.77424204 2.87225932 4.58273111
 C   7.31477239 3.31261014 2.25061172
Cl   7.13978569 4.13394151 4.83926273
 H   5.82559744 4.69689543 3.00861973
 C   8.23202612 4.45267480 1.81518312
Cl   8.28188524 1.93521142 2.79496690
 H   6.74609295 2.92926698 1.36046526
 C   9.24676972 4.02107432 0.78294891
Cl   7.25057170 5.76794100 1.13715046
 H   8.74392058 4.89900390 2.70814630
 H   9.98463592 3.31699299 1.24043033
 H   8.75013890 3.50990859 -0.07691903
 H   9.80491827 4.90825556 0.39501847
 H  -0.92131511 -1.36791740 1.98421105
 H  -1.32802284 -1.37306382 0.21728158
 H   0.17906225 -2.19544657 0.80192506
$end
$temperature
298.15
$end
$mult
 1
$end
$sigma
 1
$end
$pressure
1.00000
$end
$scale
0.961
$end
$msrrho
$end
$freq
11.06
16.69
21.35
33.39
38.00
47.53
54.67
86.93
95.47
123.01
143.04
153.40
169.03
169.73
174.39
211.23
250.57
283.80
299.19
317.67
340.72
364.64
373.08
387.04
412.44
414.62
460.83
507.95
547.53
596.15
605.90
708.37
713.74
733.31
771.22
779.30
869.75
921.88
957.49
999.88
1007.64
1020.12
1061.65
1066.31
1121.01
1128.74
1130.85
1133.83
1161.25
1182.18
1188.76
1203.09
1208.57
1212.85
1218.80
1221.37
1227.66
1229.41
1234.60
1246.24
1253.67
1255.17
1268.83
1282.79
1288.00
1307.88
1335.23
1341.97
1375.79
1383.70
1384.23
1388.09
1389.47
1389.59
1390.85
1392.47
1407.24
1422.00
1426.33
1432.73
1434.42
2992.21
3004.12
3007.22
3007.84
3009.40
3021.05
3027.00
3029.06
3029.22
3055.65
3059.09
3064.13
3065.51
3079.90
3081.94
3083.58
3153.36
3154.84
$end
