$molecule
 C  -3.80443348 -0.31591203 1.01812203
 H  -3.74506684 0.46972629 1.80397024
 C  -5.07075572 -0.11999928 0.18572439
 H  -5.05590023 -0.74052312 -0.74318912
 H  -3.87683347 -1.27720904 1.57256012
 C  -6.34029390 -0.35027713 0.97921687
 H  -6.40135971 0.29462264 1.86634511
 H  -7.23477354 -0.13526310 0.37548173
 H  -6.42166375 -1.39161684 1.31762296
 C   0.00008774 -0.11622634 0.19027928
 H  -0.00027838 -0.77282695 -0.71680381
 C  -1.26766194 -0.30783940 1.02141463
 H  -1.20130322 -1.26737790 1.58020927
 H  -1.33506825 0.48433880 1.79994889
 C  -2.53566179 -0.28680665 0.17008900
 H  -2.53884591 0.57565966 -0.54419488
 C   1.26809179 -0.30850139 1.02088322
 H   1.33622984 0.48363828 1.79940651
 H   1.20147851 -1.26802778 1.57968696
 C   2.53573683 -0.28810241 0.16900727
 H   2.53907129 0.57440233 -0.54523225
 C   3.80487193 -0.31791096 1.01647209
 H   3.87701030 -1.27926091 1.57083628
 H   3.74626446 0.46770976 1.80239425
 C   5.07091973 -0.12263218 0.18353483
 H   5.05533108 -0.74310188 -0.74538566
 C   6.34067947 -0.35358646 0.97646414
 H   7.23501980 -0.13897291 0.37235638
 H   6.40244444 0.29122535 1.86360403
 H   6.42167628 -1.39498526 1.31475918
Cl  -5.09054028 1.60679361 -0.38552870
Cl  -2.53038176 -1.78340721 -0.85992316
Cl   5.09134394 1.60416422 -0.38767340
Cl   0.00039766 1.58759106 -0.42930678
Cl   2.52923062 -1.78465063 -0.86107074
$end
$temperature
298.15
$end
$mult
 1
$end
$sigma
 1
$end
$pressure
1.00000
$end
$scale
1.093
$end
$msrrho
$end
$freq
16.47
20.73
26.68
38.56
41.42
57.74
76.86
78.31
116.33
121.80
154.17
158.13
172.98
174.03
186.50
257.97
285.91
325.33
338.00
355.47
358.89
375.66
385.95
407.72
440.44
478.14
494.04
567.04
573.31
652.15
654.66
658.44
667.59
685.93
893.67
920.90
955.13
959.53
963.77
993.09
1033.96
1039.27
1089.72
1091.08
1109.89
1117.53
1121.92
1123.60
1137.25
1144.66
1154.39
1177.08
1177.38
1179.69
1187.46
1196.05
1197.91
1202.62
1215.49
1216.87
1221.32
1243.19
1243.31
1245.89
1246.08
1256.32
1259.15
1260.42
1263.93
1267.24
1277.59
1282.79
1291.26
1301.51
1324.20
1325.99
1331.14
1334.21
1342.82
1342.94
2642.34
2643.51
2646.66
2653.63
2656.07
2660.09
2663.77
2667.08
2670.43
2687.79
2687.84
2694.66
2694.76
2728.31
2731.54
2735.31
2737.93
2787.47
2787.57
$end
