$molecule
 C  -2.18825609 1.00964047 -0.78849347
 H  -2.51316800 0.64347966 -1.78811022
 C  -3.38158715 1.47269702 0.01892884
 H  -3.14217713 1.65891419 1.09043176
 H  -1.51951695 1.87395950 -0.99840921
 C  -4.14538145 2.59477722 -0.62943088
 H  -3.54835317 3.51881477 -0.66767823
 H  -4.44954459 2.36009791 -1.66029178
 H  -5.06810950 2.82989162 -0.07782770
 C   0.46626977 -1.67466407 -0.02429162
 H   0.57627355 -1.43289111 1.05724834
 C  -0.23165070 -0.59137537 -0.81474734
 H   0.46698369 0.24857452 -1.02805003
 H  -0.53698375 -0.97532314 -1.81365230
 C  -1.44145525 -0.08501078 -0.06217051
 H  -2.10084595 -0.89481799 0.33275649
 C   1.72719464 -2.21499821 -0.65854419
 H   2.11298102 -3.05605883 -0.04149912
 H   1.49088767 -2.68331158 -1.63933880
 C   2.80364349 -1.14808343 -0.83963881
 H   2.52883894 -0.43285770 -1.64546356
 H   3.72763499 -1.63619227 -1.22061126
 C   3.09551997 -0.39641852 0.45538481
 H   3.28864343 -1.10758931 1.28780529
 H   2.21290675 0.19808422 0.78134456
 C   4.28851159 0.51926590 0.29038542
 H   5.18092443 0.01979063 -0.14326440
 C   4.60525182 1.32773187 1.51947958
 H   3.74296050 1.91288162 1.87306360
 H   4.92417941 0.68411188 2.35353334
 H   5.41670591 2.04828708 1.33791693
Cl  -4.55294051 0.00778865 0.04224633
Cl  -0.72957494 0.74965060 1.47605830
Cl   3.78936303 1.77723216 -1.01715955
Cl  -0.73257685 -3.12430612 -0.04020993
$end
$temperature
298.15
$end
$mult
 1
$end
$sigma
 1
$end
$pressure
1.00000
$end
$scale
1.0
$end
$msrrho
$end
$freq
14.43
16.47
29.50
47.57
50.00
84.80
99.16
111.35
134.74
150.59
168.04
168.61
175.44
197.04
225.70
270.50
286.61
301.54
315.52
334.36
345.68
379.02
391.30
467.60
486.84
507.72
551.77
576.08
581.63
589.38
660.98
819.06
893.31
908.95
960.77
965.48
971.26
992.98
1020.60
1030.93
1040.35
1085.68
1088.04
1104.87
1134.36
1139.68
1149.53
1161.58
1165.27
1168.12
1172.37
1178.64
1179.34
1187.67
1191.49
1199.36
1207.96
1216.47
1230.80
1231.50
1262.84
1265.55
1270.84
1271.33
1275.48
1279.91
1284.82
1288.40
1288.77
1295.73
1308.08
1318.68
1329.74
1331.95
1344.41
1350.27
1380.27
1388.80
1399.98
2914.41
2915.36
2923.24
2927.52
2930.63
2936.90
2947.68
2948.35
2967.91
2975.21
2976.66
2978.07
2989.02
2993.79
3019.53
3020.06
3022.53
3022.96
3078.62
3078.84
$end
