$molecule
 C   1.18008526 0.50690089 -0.69999037
 H   0.11732956 0.14929869 -0.73650903
 C   1.23417399 1.84723249 0.02530738
 H   2.28322162 2.15007951 0.25934057
 H   1.50827000 0.66191149 -1.76174996
 C   0.46925063 2.94371477 -0.68807613
 H   0.95450587 3.17445065 -1.66487755
 H  -0.58692176 2.63033163 -0.87935841
 H   0.45185093 3.87130805 -0.06860192
 C   0.88742864 -2.76590837 0.55577730
 H   0.69938492 -3.79003452 0.14871571
 H   1.50674703 -2.86966743 1.48184074
 C   1.70585815 -1.98791181 -0.49039764
 H   2.65182214 -2.56435207 -0.66716279
 H   1.15273565 -1.96169935 -1.45950307
 C   2.04587632 -0.56496894 -0.04268046
 H   2.04916671 -0.48006605 1.07085287
 C  -0.45694064 -2.13525521 0.95199723
 H  -0.84758250 -2.68567135 1.84333561
 H  -0.29166493 -1.07472046 1.25585312
 C  -1.50843800 -2.20185034 -0.16559763
 H  -1.72959718 -3.27494294 -0.38671213
 H  -1.10419440 -1.74066129 -1.09788008
 C  -2.82691412 -1.50831220 0.21294734
 H  -3.14297163 -1.84966238 1.23016297
 H  -3.61312186 -1.82411245 -0.51873049
 C  -2.74571033 0.01631095 0.22583912
 H  -1.85538230 0.38826498 0.78658676
 C  -4.01829492 0.68523567 0.71229740
 H  -4.20439918 0.41993052 1.77852079
 H  -3.92286154 1.79473262 0.63301719
 H  -4.89391693 0.36615067 0.10049646
Cl   0.43971079 1.61699585 1.66156619
Cl   3.77445456 -0.20837618 -0.51871824
Cl  -2.47370866 0.57997663 -1.49569916
$end
$temperature
298.15
$end
$mult
 1
$end
$sigma
 1
$end
$pressure
1.00000
$end
$scale
1.093
$end
$msrrho
$end
$freq
30.83
44.07
64.04
74.96
77.62
86.37
107.42
136.85
144.73
167.73
183.76
208.24
222.97
266.02
298.11
305.83
330.75
347.70
373.33
391.00
410.61
444.47
476.74
514.93
545.90
632.48
638.12
690.15
783.19
837.37
883.88
912.34
933.14
941.46
970.71
988.08
1015.21
1027.92
1040.52
1068.09
1096.28
1102.18
1125.48
1137.38
1144.21
1158.05
1165.35
1168.99
1173.55
1180.50
1186.15
1188.01
1193.81
1202.51
1222.76
1235.60
1238.36
1262.65
1268.46
1289.47
1315.87
1323.75
1333.28
1334.01
1338.54
1342.40
1343.74
1346.87
1349.19
1354.84
1360.07
1365.86
1373.97
1381.98
1384.09
1395.81
1403.28
1405.28
2624.47
2627.19
2627.93
2636.98
2640.77
2651.79
2652.44
2658.84
2661.43
2664.72
2665.07
2672.22
2679.69
2766.15
2766.92
2767.81
2769.88
2770.98
2780.04
2849.02
2851.22
$end
