$molecule
 H   0.79109911 -0.38585614 -0.37225522
 C   0.58533003 0.03756457 0.62167541
 C   1.75769354 -0.17150826 1.55808919
 H   0.36216309 1.10452323 0.46061187
 H  -0.33200943 -0.43158903 0.99995225
 C   1.45399728 0.28877020 2.98975161
Cl   3.16673993 0.73883252 0.89649657
 H   2.06744184 -1.24933418 1.56257502
 C   2.65316748 0.18233746 3.94060813
Cl   0.92618595 2.00250089 2.97422992
 H   0.58605897 -0.31101833 3.37740224
 C   2.33389568 0.63314233 5.37075918
Cl   3.15966197 -1.54012439 3.97087252
 H   3.52086471 0.77571827 3.53590218
 C   3.52820673 0.49947045 6.32705022
Cl   1.00727535 -0.38497671 6.02321433
 H   1.96061239 1.69533504 5.36085549
 C   3.20577340 0.94770286 7.75786091
Cl   4.85189782 1.51891756 5.67786706
 H   3.90184650 -0.56262845 6.33596707
 C   4.40433452 0.83155369 8.71047949
Cl   2.70425877 2.67007427 7.73228125
 H   2.33533365 0.35610970 8.15747695
 C   4.08568899 1.28287667 10.13936190
Cl   4.90381972 -0.89149170 8.73499486
 H   5.27876776 1.42181919 8.31589315
 C   5.27182688 1.14117843 11.10429461
Cl   2.74494585 0.28865055 10.79712373
 H   3.72767301 2.34830048 10.13649421
 C   4.94000079 1.58561245 12.51250539
Cl   6.57466247 2.23321062 10.48089259
 H   5.68992373 0.10435075 11.09760805
 H   5.84000621 1.61499372 13.14543691
 H   4.49954308 2.59170538 12.54216782
 H   4.23014480 0.90169353 13.00180636
$end
$temperature
298.15
$end
$mult
 1
$end
$sigma
 1
$end
$pressure
1.00000
$end
$scale
1.093
$end
$msrrho
$end
$freq
14.68
26.41
28.48
37.85
38.96
45.70
49.85
60.88
85.13
111.15
114.40
124.03
128.76
154.61
161.55
166.35
169.86
176.76
179.88
186.29
213.29
272.80
288.53
304.58
310.38
320.35
322.99
366.88
397.24
407.31
450.56
472.87
490.06
518.37
565.46
626.14
655.17
693.24
728.76
742.50
752.77
778.93
793.83
808.69
822.59
835.91
968.71
973.74
1039.06
1049.33
1071.86
1077.86
1110.24
1122.02
1133.90
1137.66
1140.46
1141.71
1146.68
1155.02
1160.25
1166.62
1175.73
1182.82
1188.26
1201.41
1208.75
1211.34
1214.74
1237.35
1239.72
1250.82
1255.52
1267.82
1271.39
1282.53
1298.20
1301.89
1304.67
1323.98
1335.37
1337.25
1348.85
1349.56
2617.46
2619.13
2622.25
2632.01
2635.03
2639.82
2644.47
2649.00
2660.27
2680.83
2682.02
2689.92
2690.54
2783.79
2783.94
$end
