$molecule
 C  -2.61537602 0.80050844 -0.96748910
 H  -2.91374345 0.04664020 -1.74537599
 C  -3.85269820 1.28515643 -0.23454516
 H  -3.56517162 1.83828009 0.69797978
 H  -2.15500102 1.67262297 -1.50569229
 C  -4.69965173 2.16263534 -1.12501990
 H  -4.12036057 3.07469162 -1.41146543
 H  -4.99463439 1.62094006 -2.05595978
 H  -5.62723954 2.48465555 -0.59265923
 C   0.43022884 -1.36712747 -0.01029546
 H   0.75107948 -0.80186554 0.90360493
 C  -0.50519098 -0.52429774 -0.85748375
 H   0.10300943 0.24372483 -1.40765146
 H  -0.99900426 -1.17588837 -1.62863869
 C  -1.58589330 0.16925294 -0.04724311
 H  -2.07805335 -0.55587697 0.65389914
 C   1.64276659 -1.82436809 -0.80443737
 H   2.08794724 -2.73573288 -0.32230761
 H   1.31564117 -2.12240344 -1.83611968
 C   2.70624869 -0.74971355 -0.91052848
 H   2.23449944 0.24017581 -1.14829913
 H   3.38758034 -1.00645259 -1.76567455
 C   3.52560170 -0.62936932 0.35711289
 H   3.97817964 -1.62778129 0.60463252
 H   2.86443651 -0.34183587 1.21671517
 C   4.65285397 0.37688379 0.21869475
 H   5.19892129 0.21744508 -0.74746257
 C   5.61013991 0.28715759 1.38303510
 H   5.07671055 0.45204798 2.35030687
 H   6.07952233 -0.72701211 1.40441302
 H   6.41956813 1.05095220 1.28943148
Cl  -4.81434454 -0.09181041 0.33928017
Cl  -0.86750624 1.40571234 1.00567612
Cl   4.01278858 2.02825882 0.09828248
Cl  -0.43103723 -2.78780494 0.61843128
$end
$temperature
298.15
$end
$mult
 1
$end
$sigma
 1
$end
$pressure
1.00000
$end
$scale
0.961
$end
$msrrho
$end
$freq
11.68
15.73
18.54
32.17
44.84
56.63
79.54
99.66
110.65
154.07
168.04
170.73
179.61
209.25
266.13
304.78
320.34
346.33
358.37
361.19
382.89
402.74
432.57
480.18
508.80
538.61
587.96
706.58
708.39
719.58
764.85
824.20
913.45
947.14
992.01
1003.97
1010.23
1026.92
1061.08
1064.84
1095.23
1119.21
1130.36
1131.14
1190.19
1196.34
1200.24
1206.58
1213.27
1218.10
1222.83
1227.04
1230.88
1240.29
1244.37
1253.63
1256.45
1262.82
1280.62
1293.88
1317.90
1335.69
1338.21
1376.98
1384.43
1385.22
1389.13
1389.85
1390.31
1391.40
1396.55
1403.05
1404.97
1408.45
1423.51
1427.39
1431.26
1434.54
1445.07
3002.72
3003.93
3007.76
3013.53
3021.77
3023.48
3027.59
3029.98
3031.15
3059.15
3059.34
3065.68
3065.70
3078.04
3080.42
3083.37
3088.37
3096.55
3154.98
3155.10
$end
