$molecule
 H   0.82124198 -0.38426126 -0.38110805
 C   0.58125068 -0.02870496 0.63207950
 C   1.77412165 -0.16058807 1.55609009
 H   0.24931980 1.01568135 0.52010297
 H  -0.28039202 -0.60917238 0.98680425
 C   1.46563145 0.30432599 2.98490696
Cl   3.11473659 0.84237752 0.88768794
 H   2.15216275 -1.21535030 1.55884822
 C   2.65108710 0.15606940 3.94730949
Cl   1.01562839 2.03922311 2.94315976
 H   0.56959457 -0.25426340 3.36705185
 C   2.33341694 0.61768561 5.37380712
Cl   3.08210125 -1.58681393 4.00232863
 H   3.54748574 0.70634349 3.54567422
 C   3.53383562 0.50640547 6.32503765
Cl   1.02893915 -0.42788976 6.02850634
 H   1.93881019 1.67164872 5.36399352
 C   3.21359863 0.96612931 7.75230770
Cl   4.83572652 1.55232561 5.67269105
 H   3.92824343 -0.54763004 6.33416242
 C   4.39864042 0.80828032 8.71549449
Cl   2.78755257 2.70845643 7.70203118
 H   2.31494835 0.41716763 8.14898317
 C   4.08265812 1.27095935 10.14106701
Cl   4.82084505 -0.93522123 8.76571432
 H   5.30151362 1.35542833 8.32448501
 C   5.28011835 1.16029887 11.09570465
Cl   2.77256785 0.24105001 10.80540888
 H   3.69572596 2.32542186 10.13669414
 C   4.94718391 1.57181038 12.51310128
Cl   6.53900576 2.30481644 10.47446571
 H   5.73782346 0.14050370 11.06902181
 H   5.85138749 1.62218303 13.13887014
 H   4.47292202 2.56158452 12.56539506
 H   4.26612101 0.85653655 12.99894598
$end
$temperature
298.15
$end
$mult
 1
$end
$sigma
 1
$end
$pressure
1.00000
$end
$scale
1.093
$end
$msrrho
$end
$freq
14.28
25.40
27.03
34.75
39.97
44.56
51.32
59.62
85.64
108.96
116.97
124.74
127.85
150.29
155.32
164.27
166.78
170.48
173.44
179.55
198.82
254.46
278.88
301.15
309.30
319.40
322.82
359.81
391.95
403.68
447.28
471.80
490.40
515.44
561.51
621.19
649.04
697.10
727.34
747.90
754.21
778.38
795.18
810.72
825.44
838.49
964.75
969.96
1034.55
1044.17
1070.47
1076.07
1108.81
1120.22
1129.56
1133.29
1138.57
1141.38
1144.01
1150.65
1157.62
1166.17
1175.56
1181.40
1185.96
1195.73
1203.46
1208.44
1210.58
1236.57
1238.66
1246.71
1250.15
1258.66
1259.63
1279.43
1282.90
1289.74
1292.62
1309.97
1319.98
1322.65
1344.44
1344.66
2620.91
2622.28
2625.16
2635.34
2637.37
2642.12
2649.57
2651.79
2661.30
2680.87
2683.03
2689.14
2690.40
2785.00
2785.09
$end
