$molecule
 C  -2.15592457 -0.77797522 1.07957118
 H  -1.76702882 -0.35566082 2.03272145
 C  -3.22104109 0.12308577 0.49561133
 H  -3.50902155 -0.15213581 -0.54382071
 H  -2.60166011 -1.75825633 1.35925938
 C  -4.39149043 0.35234313 1.40981140
 H  -4.96569711 -0.57396487 1.56566778
 H  -4.08918422 0.71906585 2.40205915
 H  -5.08876147 1.09875886 1.00030653
 C   1.25652766 -1.92452907 -0.38015485
 H   2.07926362 -2.51624200 0.07899973
 H   0.89208849 -2.54730914 -1.22743670
 C   0.14003642 -1.75233807 0.64373865
 H  -0.20547286 -2.75373454 0.98449489
 H   0.52774722 -1.27253397 1.57037249
 C  -1.02364570 -0.96545149 0.09283775
 H  -0.73766869 -0.01423825 -0.40949667
 C   1.81254105 -0.61229627 -0.92722690
 H   2.69269145 -0.83652498 -1.56994735
 H   1.08449739 -0.13943300 -1.62339677
 C   2.19015784 0.37836153 0.14848089
 H   1.33741525 0.71135503 0.77706207
 C   3.04567729 1.53165740 -0.32760456
 H   3.97662484 1.15171219 -0.80185185
 H   3.40713591 2.11146224 0.54991826
 C   2.29339975 2.44423465 -1.29313880
 H   2.97728473 3.25641731 -1.62422399
 H   2.04005870 1.90835970 -2.23181530
 C   1.04608489 3.04494792 -0.66753008
 H   0.64110457 3.86415194 -1.28056211
 H   0.22369987 2.32100015 -0.55544051
 H   1.23845976 3.46692663 0.32936189
Cl  -2.38400070 1.80607558 0.31620016
Cl  -1.75840539 -2.01039918 -1.28765047
Cl   3.29502159 -0.55097554 1.36156827
$end
$temperature
298.15
$end
$mult
 1
$end
$sigma
 1
$end
$pressure
1.00000
$end
$scale
1.0
$end
$msrrho
$end
$freq
20.95
22.20
32.10
57.97
61.58
91.02
110.86
116.53
134.49
166.61
181.26
199.94
235.19
242.21
267.96
297.48
305.61
332.45
343.28
372.79
426.54
456.64
466.20
490.51
548.86
583.83
593.89
658.89
830.07
836.95
903.42
914.04
952.11
968.12
973.75
998.04
1002.68
1020.34
1057.84
1063.51
1091.26
1098.79
1119.51
1138.23
1143.36
1153.03
1156.05
1164.63
1168.00
1174.69
1181.35
1188.64
1195.94
1198.45
1209.57
1214.51
1226.90
1248.98
1259.89
1269.74
1273.64
1280.42
1286.63
1292.47
1294.21
1304.22
1307.65
1310.57
1317.31
1323.73
1330.87
1333.65
1339.91
1342.81
1360.72
1365.26
1377.53
1396.16
2914.45
2920.57
2926.81
2928.36
2932.73
2937.26
2945.78
2950.99
2967.37
2976.43
2981.23
2984.15
2986.65
2994.12
2996.82
3013.39
3018.81
3022.65
3027.02
3078.28
3082.75
$end
