$molecule
 C   1.09998906 0.44106701 -0.65041368
 H   0.05313227 0.05748289 -0.62462991
 C   1.18463665 1.79903938 0.03354042
 H   2.24281960 2.10411630 0.21772871
 H   1.31239088 0.55953445 -1.73659290
 C   0.40353089 2.87846133 -0.68046158
 H   0.81343530 3.07464175 -1.68049184
 H  -0.65543486 2.60700566 -0.81195254
 H   0.42037514 3.82699362 -0.12600609
 C   0.89208998 -2.76152362 0.62559440
 H   0.72428264 -3.80255255 0.28191032
 H   1.48905157 -2.84899706 1.55692586
 C   1.72089945 -2.02387709 -0.43690160
 H   2.65646955 -2.60044278 -0.60649009
 H   1.19981162 -2.04546392 -1.41462557
 C   2.03925390 -0.58683552 -0.02851713
 H   2.08984677 -0.48752721 1.08309205
 C  -0.45512905 -2.11131711 0.96205869
 H  -0.90002037 -2.63680835 1.83078534
 H  -0.29988639 -1.06721021 1.30325612
 C  -1.43733333 -2.14290163 -0.21500141
 H  -1.61494436 -3.19193653 -0.52367574
 H  -0.98687581 -1.64918781 -1.10105785
 C  -2.77847020 -1.48299757 0.12721000
 H  -3.15395599 -1.87103570 1.09700494
 H  -3.53969245 -1.78578166 -0.62221015
 C  -2.69437521 0.03828549 0.19656349
 H  -1.79096127 0.38001022 0.75740238
 C  -3.95431158 0.68617917 0.73023284
 H  -4.14252741 0.39606412 1.77222835
 H  -3.88463212 1.78335657 0.70555385
 H  -4.84111168 0.41228530 0.14257266
Cl   0.44371481 1.61339674 1.70008516
Cl   3.72200507 -0.17858033 -0.60758165
Cl  -2.45847333 0.65951167 -1.50986272
$end
$temperature
298.15
$end
$mult
 1
$end
$sigma
 1
$end
$pressure
1.00000
$end
$scale
1.093
$end
$msrrho
$end
$freq
21.16
44.79
59.15
76.52
80.48
92.44
104.23
131.84
155.47
181.16
203.11
216.33
227.81
260.55
300.29
312.85
333.64
355.94
375.20
395.23
413.27
449.30
480.15
514.43
553.72
632.64
638.31
696.55
774.14
836.59
887.91
911.30
937.35
945.00
974.12
992.17
1015.26
1031.02
1040.04
1073.18
1095.12
1105.50
1129.49
1139.83
1146.95
1163.14
1169.01
1176.90
1178.55
1181.71
1185.83
1192.49
1197.91
1207.59
1215.44
1232.99
1239.20
1241.78
1245.40
1247.10
1248.86
1256.22
1258.93
1268.06
1276.81
1278.66
1281.37
1286.91
1289.95
1296.30
1300.85
1313.77
1322.41
1332.41
1339.43
1344.76
1348.24
1351.03
2642.27
2651.32
2654.55
2659.56
2660.54
2663.08
2667.71
2669.97
2677.30
2689.43
2690.69
2691.93
2695.48
2729.42
2734.89
2737.27
2738.78
2739.46
2746.81
2786.59
2788.49
$end
