$molecule
 C  -2.01782011 -0.33675519 0.88020009
 H  -1.47743222 0.40911843 1.50179862
 C  -3.12473060 0.35409954 0.10498825
 H  -3.54060180 -0.32877804 -0.67338562
 H  -2.45957958 -1.06655815 1.58819730
 C  -4.21414195 0.87894428 1.00664568
 H  -4.72271433 0.05889614 1.53050223
 H  -3.81619786 1.56347178 1.76767454
 H  -4.97164063 1.42781078 0.43239772
 C   1.29803265 -1.96043339 -0.22783002
 H   2.09038961 -2.49947246 0.32827647
 H   0.93159718 -2.66186494 -1.00359271
 C   0.15974231 -1.60025076 0.71680823
 H  -0.14484879 -2.48341702 1.31033633
 H   0.53101942 -0.84350404 1.44755180
 C  -1.03216410 -1.03586500 -0.03670177
 H  -0.67556264 -0.33451533 -0.83985656
 C   1.88645570 -0.72258341 -0.88769952
 H   2.59351806 -1.00912395 -1.68894375
 H   1.06371513 -0.14330798 -1.38210002
 C   2.56690288 0.18838854 0.11936210
 H   1.96374702 0.21450110 1.07226865
 C   2.74229470 1.60537540 -0.40129245
 H   3.27646766 1.58910082 -1.37138080
 H   3.38856407 2.17788343 0.29276991
 C   1.39153799 2.29079341 -0.55611458
 H   1.51372683 3.25066925 -1.09179122
 H   0.74265463 1.65503153 -1.20395677
 C   0.71430388 2.51496973 0.77831661
 H  -0.34811333 2.76626599 0.64768210
 H   0.76418948 1.60115438 1.39756214
 H   1.18737380 3.32335845 1.34899897
Cl  -2.40765511 1.75948346 -0.75854633
Cl  -1.87360345 -2.39525012 -0.84817553
Cl   4.17747390 -0.47913591 0.50494714
$end
$temperature
298.15
$end
$mult
 1
$end
$sigma
 1
$end
$pressure
1.00000
$end
$scale
0.953
$end
$msrrho
$end
$freq
22.84
43.34
50.41
63.25
75.52
112.17
127.24
138.86
162.54
170.15
199.50
218.48
243.35
280.49
308.52
318.51
340.89
366.87
382.03
408.33
428.93
467.08
484.15
516.92
559.86
600.31
621.41
693.81
832.78
841.08
894.17
912.58
943.21
957.10
964.91
972.08
1000.55
1014.85
1035.19
1040.39
1069.32
1089.19
1108.56
1116.77
1123.91
1127.09
1137.84
1139.58
1147.56
1151.95
1155.99
1170.59
1188.39
1194.10
1197.64
1204.76
1210.82
1225.22
1252.86
1283.17
1303.75
1316.03
1346.08
1357.22
1375.48
1379.36
1389.48
1394.14
1397.92
1399.17
1401.10
1405.18
1406.20
1409.43
1417.63
1420.06
1426.87
1431.52
2794.14
2827.73
2864.94
2906.28
2910.49
2911.79
2940.73
2961.25
2965.03
3014.97
3015.01
3017.76
3019.55
3027.86
3033.05
3040.57
3076.22
3081.45
3085.28
3155.09
3178.39
$end
