$molecule
 C   1.19529723 0.52681628 -0.66544621
 H   0.12189129 0.18711008 -0.68092164
 C   1.29321846 1.85759425 0.05554932
 H   2.36048420 2.09504494 0.30371162
 H   1.50817756 0.67666705 -1.73425385
 C   0.67824090 2.96492029 -0.76557555
 H   1.25870407 3.09247120 -1.71238563
 H  -0.38134063 2.72475219 -1.02734615
 H   0.69764925 3.93058052 -0.20500277
 C   0.85538448 -2.72262308 0.51400041
 H   0.66971640 -3.75447936 0.11138835
 H   1.48398346 -2.83444848 1.43816544
 C   1.64121425 -1.94347207 -0.52191012
 H   2.55759365 -2.54037857 -0.78052755
 H   1.03958118 -1.85113239 -1.46485260
 C   2.04380545 -0.56045020 -0.03140805
 H   1.97987712 -0.50566025 1.08727794
 C  -0.46646008 -2.09574358 0.90276530
 H  -0.85652411 -2.62037793 1.81618386
 H  -0.30357675 -1.02127202 1.18587768
 C  -1.50184855 -2.18858328 -0.19802223
 H  -1.68196342 -3.27009192 -0.44058588
 H  -1.11235910 -1.70220123 -1.13136615
 C  -2.81967456 -1.55458396 0.19440538
 H  -3.09538989 -1.88189659 1.23342995
 H  -3.62504829 -1.92264959 -0.49562689
 C  -2.79588170 -0.03761021 0.17172103
 H  -1.87586908 0.35154916 0.68333646
 C  -4.03619547 0.53793194 0.81170969
 H  -4.07855063 0.23070759 1.88564250
 H  -4.02527585 1.65365717 0.76291145
 H  -4.95743954 0.16862695 0.29972752
Cl   0.47918491 1.76455253 1.63609002
Cl   3.76203777 -0.26256723 -0.38063918
Cl  -2.65565993 0.56422480 -1.49695860
$end
$temperature
298.15
$end
$mult
 1
$end
$sigma
 1
$end
$pressure
1.00000
$end
$scale
0.961
$end
$msrrho
$end
$freq
26.07
29.43
36.74
43.80
48.26
72.15
108.21
141.17
147.02
167.78
174.17
213.51
223.63
284.17
307.68
320.99
340.16
349.17
381.04
399.30
423.23
466.44
500.89
539.52
576.03
701.03
701.99
750.63
798.53
875.42
923.30
961.77
972.65
985.43
1017.21
1038.05
1051.15
1060.66
1080.82
1105.83
1130.51
1134.50
1145.96
1193.44
1201.86
1207.60
1212.43
1214.65
1226.35
1230.12
1237.02
1244.93
1254.56
1264.74
1268.10
1277.89
1286.83
1319.27
1321.21
1341.76
1355.83
1384.05
1384.81
1388.53
1390.32
1391.43
1397.21
1401.31
1404.02
1408.03
1413.64
1415.50
1417.65
1425.23
1428.05
1433.44
1435.19
1448.51
2995.99
2999.61
3006.27
3009.12
3016.00
3020.34
3021.38
3024.63
3029.66
3057.77
3058.82
3063.05
3065.58
3074.67
3075.79
3082.84
3085.80
3088.27
3095.18
3152.43
3154.98
$end
