$molecule
 C  -3.78719357 -0.32333729 1.04137199
 H  -3.82490601 0.45186348 1.83890499
 C  -4.97122646 -0.17892717 0.10936704
 H  -4.87672305 -0.78632239 -0.81933790
 H  -3.84765421 -1.29643888 1.57715685
 C  -6.29927192 -0.33780901 0.79787113
 H  -6.41096836 0.33287222 1.66271496
 H  -7.13712507 -0.11484667 0.12009273
 H  -6.44417796 -1.36665203 1.16140599
 C   0.00009446 -0.20949429 0.32816220
 H  -0.00027880 -0.85753892 -0.58230202
 C  -1.26267157 -0.32895536 1.15403535
 H  -1.26515971 -1.29757033 1.70156869
 H  -1.29021882 0.45490554 1.94345585
 C  -2.48821876 -0.21103950 0.27486303
 H  -2.45614966 0.66030313 -0.42377453
 C   1.26314702 -0.32960728 1.15347873
 H   1.29145005 0.45422974 1.94288922
 H   1.26537656 -1.29823144 1.70100896
 C   2.48837876 -0.21231389 0.27378789
 H   2.45646055 0.65904283 -0.42483166
 C   3.78762371 -0.32531193 1.03972030
 H   3.84781201 -1.29845162 1.57546136
 H   3.82608719 0.44984964 1.83724617
 C   4.97133054 -0.18149529 0.10720110
 H   4.87609903 -0.78882200 -0.82147996
 C   6.29958929 -0.34109908 0.79512894
 H   7.13726498 -0.11855078 0.11698468
 H   6.41201146 0.32949490 1.65994155
 H   6.44411832 -1.37003303 1.15856216
Cl  -4.91272322 1.60069693 -0.47744420
Cl  -2.44334203 -1.72786540 -0.83213050
Cl   4.91350735 1.59816716 -0.47953156
Cl   0.00040065 1.54749376 -0.31763294
Cl   2.44222621 -1.72911447 -0.83322524
$end
$temperature
298.15
$end
$mult
 1
$end
$sigma
 1
$end
$pressure
1.00000
$end
$scale
1.0
$end
$msrrho
$end
$freq
18.54
25.03
31.02
47.09
47.81
61.72
75.46
87.55
118.53
129.39
151.02
151.22
169.29
171.49
187.34
236.32
265.25
294.67
306.23
309.63
323.20
343.03
343.53
373.08
421.58
463.55
485.39
549.16
549.94
576.43
587.92
598.16
598.41
604.95
889.56
915.68
947.60
965.12
969.07
980.18
1019.30
1023.26
1079.53
1092.55
1099.92
1103.63
1132.10
1132.95
1143.89
1161.53
1164.24
1168.96
1171.11
1171.45
1175.64
1183.66
1184.18
1203.49
1209.67
1216.03
1224.65
1230.85
1238.71
1254.63
1271.44
1271.46
1276.78
1276.83
1278.04
1279.40
1282.85
1284.45
1288.09
1288.57
1338.10
1341.94
1360.32
1380.90
1394.98
1401.06
2908.96
2911.28
2913.66
2927.06
2928.49
2931.39
2934.04
2947.64
2947.70
2975.41
2976.91
2978.91
2979.31
3019.47
3019.56
3022.89
3022.92
3078.53
3078.57
$end
