$molecule
 H   0.87556473 -0.42572646 -0.37877974
 C   0.62089517 -0.09026403 0.63836346
 C   1.82444094 -0.12308635 1.55450364
 H   0.18875170 0.91735696 0.53001550
 H  -0.18417906 -0.74532570 0.99999736
 C   1.47958666 0.20909217 3.00140047
Cl   3.01757838 1.06075853 0.94396394
 H   2.34605284 -1.10944092 1.48529059
 C   2.68657315 0.23005626 3.93385165
Cl   0.73454983 1.82540066 3.07349749
 H   0.68420369 -0.49481194 3.35879162
 C   2.36146897 0.63424348 5.36575160
Cl   3.36042712 -1.42009566 3.93279342
 H   3.50282884 0.88567989 3.52503490
 C   3.52749948 0.47065912 6.33669032
Cl   1.03941435 -0.39276933 5.97623481
 H   1.95766367 1.68258915 5.38406921
 C   3.20419114 0.93317354 7.75253289
Cl   4.88244802 1.43216976 5.70085404
 H   3.89906340 -0.58960224 6.35506507
 C   4.38816171 0.82761557 8.70933153
Cl   2.70845622 2.64261007 7.71006276
 H   2.31108304 0.37663976 8.14571872
 C   4.10161251 1.34693754 10.11129091
Cl   4.81423802 -0.89963257 8.80289299
 H   5.29953411 1.33610112 8.29303280
 C   5.21388465 1.08782248 11.12337119
Cl   2.64166139 0.54175578 10.74372530
 H   3.84756886 2.43848914 10.08246309
 C   4.94875391 1.73748877 12.46263229
Cl   6.69963093 1.83776352 10.45188936
 H   5.45825940 0.00564234 11.23556074
 H   5.81914868 1.66154164 13.13353891
 H   4.70531143 2.80633983 12.37868331
 H   4.11166094 1.25652949 12.99253864
$end
$temperature
298.15
$end
$mult
 1
$end
$sigma
 1
$end
$pressure
1.00000
$end
$scale
1.093
$end
$msrrho
$end
$freq
7.93
17.29
26.24
29.78
37.09
48.44
49.94
62.21
69.37
98.22
118.84
133.36
136.74
149.98
162.82
166.62
170.21
175.03
177.89
182.81
192.84
247.05
257.59
282.99
293.83
301.69
303.54
340.22
368.29
393.53
430.91
453.12
467.41
495.11
543.21
606.56
637.78
683.20
717.07
728.30
734.60
761.42
782.52
800.62
817.54
834.53
971.91
980.49
1048.93
1060.44
1066.04
1071.71
1097.40
1127.01
1134.95
1147.74
1149.94
1155.75
1158.06
1160.26
1161.52
1167.45
1177.14
1187.51
1195.67
1199.16
1203.54
1206.22
1207.80
1275.65
1275.95
1280.14
1281.97
1288.66
1293.67
1300.19
1307.26
1311.55
1313.82
1325.38
1334.17
1342.18
1397.85
1398.08
2617.39
2618.20
2622.51
2635.33
2637.11
2641.33
2647.12
2649.91
2655.75
2658.59
2667.22
2668.31
2676.98
2775.72
2776.22
$end
