$molecule
 C   1.13664850 0.48298902 -0.67243230
 H   0.08189222 0.12402139 -0.69648232
 C   1.22403243 1.83154582 0.02005719
 H   2.26639460 2.11387085 0.28550494
 H   1.39224580 0.60011072 -1.75075549
 C   0.50765307 2.92798463 -0.73219294
 H   0.98170687 3.11620284 -1.70648396
 H  -0.54669846 2.68584261 -0.93311199
 H   0.51444671 3.88039156 -0.18254179
 C   0.87996040 -2.75253990 0.59099849
 H   0.71349038 -3.79137709 0.24272595
 H   1.49100308 -2.84514197 1.51181534
 C   1.68010056 -1.98968837 -0.47550533
 H   2.60507507 -2.56612179 -0.69604939
 H   1.12730317 -1.97949902 -1.43560288
 C   2.01417096 -0.57413614 -0.02201006
 H   2.04413008 -0.49175187 1.08645744
 C  -0.46654176 -2.10932292 0.94452397
 H  -0.89034054 -2.61809396 1.83320549
 H  -0.31502112 -1.05994373 1.25944669
 C  -1.46624709 -2.18521586 -0.21495632
 H  -1.64403604 -3.24540506 -0.48337167
 H  -1.03856071 -1.72715665 -1.12713875
 C  -2.80327188 -1.52189863 0.14057527
 H  -3.17665518 -1.93112232 1.10283865
 H  -3.56934505 -1.80900152 -0.61004812
 C  -2.70639468 -0.00853483 0.24592327
 H  -1.81548346 0.32041573 0.82247905
 C  -3.97552651 0.63782464 0.75401221
 H  -4.18767136 0.33306522 1.78848686
 H  -3.90464161 1.73597299 0.75585905
 H  -4.85332899 0.37414489 0.14811795
Cl   0.39514071 1.65833230 1.62503224
Cl   3.71290638 -0.20822221 -0.52315399
Cl  -2.41723369 0.64023656 -1.42169744
$end
$temperature
298.15
$end
$mult
 1
$end
$sigma
 1
$end
$pressure
1.00000
$end
$scale
1.093
$end
$msrrho
$end
$freq
21.83
38.53
56.25
62.15
67.73
76.42
104.02
130.85
145.56
165.48
167.89
204.70
214.38
258.60
288.87
302.44
311.15
327.60
353.68
374.97
394.88
434.96
468.38
504.51
544.38
630.63
636.46
694.15
799.38
856.61
900.18
921.75
948.52
960.12
982.02
1008.32
1035.80
1055.01
1062.41
1079.61
1107.02
1119.20
1141.57
1143.87
1148.33
1161.87
1171.69
1176.83
1184.96
1198.22
1203.86
1211.77
1213.51
1229.39
1234.95
1247.27
1255.60
1271.00
1275.21
1280.71
1282.01
1284.50
1286.98
1297.28
1305.00
1308.96
1313.41
1318.66
1320.27
1332.41
1341.98
1346.01
1359.84
1368.85
1381.14
1396.81
1399.04
1402.16
2636.53
2647.48
2648.99
2655.38
2659.37
2662.54
2664.17
2668.04
2668.50
2669.85
2674.78
2680.58
2685.44
2731.87
2734.96
2737.94
2739.62
2741.77
2752.56
2778.68
2779.75
$end
