$molecule
 H   0.85844652 -0.47890356 -0.08945157
 C   0.27227090 -0.14262461 0.80099870
 C   1.17843733 0.14891691 1.99845312
 C  -0.84794613 -1.11376462 1.12392361
Cl  -0.49395137 1.43078207 0.30044830
 C   2.40759300 0.96897312 1.61264604
 H   1.50025165 -0.82531454 2.44862918
 H   0.59409430 0.71173920 2.77240330
 C   3.22101840 1.41246270 2.82826567
Cl   3.47764622 -0.09021161 0.59296230
 H   2.13516896 1.83778742 0.95995181
 C   4.36710635 2.35081445 2.44953252
 H   3.64635211 0.51123089 3.34183400
 H   2.53617724 1.93357555 3.54747731
 C   5.30008831 2.62437585 3.62757366
Cl   3.64517822 3.92497807 1.91634171
 H   4.93340612 1.96108506 1.56611130
 C   6.30120475 3.75805508 3.38655289
 H   5.85957341 1.67642834 3.85776311
 H   4.69521588 2.89360159 4.53341604
 C   7.13662803 3.61497218 2.11300684
Cl   7.37619890 3.78866111 4.83814914
 H   5.78254697 4.75613474 3.37921018
 C   8.26066979 4.65021748 1.97536856
Cl   7.87929141 1.98196817 2.04988859
 H   6.45452067 3.68269325 1.22063201
 C   9.10830610 4.45640663 0.73293887
Cl   7.44147457 6.26305817 1.83350766
 H   8.89686192 4.70218771 2.89339499
 H   9.73226447 3.53475464 0.82836357
 H   8.47311947 4.36693361 -0.17902758
 H   9.79178104 5.32988942 0.59850688
 H  -1.45885056 -0.74709661 1.98153460
 H  -1.52318867 -1.22472208 0.24081362
 H  -0.42764423 -2.11439779 1.37742005
$end
$temperature
298.15
$end
$mult
 1
$end
$sigma
 1
$end
$pressure
1.00000
$end
$scale
1.093
$end
$msrrho
$end
$freq
17.63
19.60
27.43
35.86
46.56
56.31
60.44
80.88
105.28
114.72
144.20
153.74
162.50
173.85
174.91
206.77
252.27
262.39
285.80
310.54
329.59
361.78
367.91
381.01
400.64
413.45
467.45
473.44
527.31
565.28
577.32
652.20
662.21
683.76
719.88
733.29
802.30
897.84
933.15
961.86
967.34
992.57
1036.61
1045.28
1052.74
1094.52
1106.36
1119.14
1124.22
1135.62
1147.11
1148.03
1155.97
1166.51
1178.50
1181.51
1187.92
1190.22
1195.62
1205.37
1208.20
1219.46
1226.92
1244.96
1262.98
1269.51
1277.43
1288.21
1295.96
1329.30
1338.37
1339.03
1346.39
1348.36
1350.41
1353.39
1358.54
1363.35
1368.75
1403.57
1410.05
2615.88
2625.94
2628.67
2635.59
2642.24
2651.02
2652.33
2653.88
2656.07
2656.58
2662.79
2672.32
2674.04
2753.46
2758.55
2764.36
2848.14
2850.44
$end
