$molecule
 C  -3.73922198 -0.30533633 1.01601156
 H  -3.60523024 0.50673144 1.78090600
 C  -5.03705213 -0.07856176 0.26257757
 H  -5.07108442 -0.71438515 -0.66092777
 H  -3.81415496 -1.27910105 1.57120625
 C  -6.23018953 -0.36676786 1.14215484
 H  -6.20821143 0.26263038 2.06437335
 H  -7.18154637 -0.16070865 0.59438648
 H  -6.22095517 -1.44288795 1.44437060
 C   0.00008459 -0.06593983 0.09623677
 H  -0.00024850 -0.74387460 -0.79833639
 C  -1.24632615 -0.29045584 0.93462199
 H  -1.13544985 -1.25896297 1.49315012
 H  -1.33525181 0.52978573 1.69733334
 C  -2.52091389 -0.32764452 0.11014315
 H  -2.55078365 0.53366745 -0.60894898
 C   1.24668475 -0.29111712 0.93416234
 H   1.33628634 0.52900323 1.69691151
 H   1.13552468 -1.25959064 1.49267291
 C   2.52094871 -0.32888300 0.10922350
 H   2.55096059 0.53251609 -0.60976236
 C   3.73967056 -0.30732874 1.01457060
 H   3.81432545 -1.28119210 1.56964857
 H   3.60649057 0.50477419 1.77957247
 C   5.03723243 -0.08122419 0.26046032
 H   5.07046377 -0.71710321 -0.66304268
 C   6.23072005 -0.37001355 1.13936490
 H   7.18185562 -0.16453102 0.59100363
 H   6.20967463 0.25948575 2.06153075
 H   6.22109751 -1.44609873 1.44169702
Cl  -5.12321464 1.58923526 -0.33730454
Cl  -2.54610128 -1.77833084 -0.91318582
Cl   5.12394182 1.58652672 -0.33951180
Cl   0.00039533 1.57621412 -0.57401718
Cl   2.54494027 -1.77944825 -0.91431011
$end
$temperature
298.15
$end
$mult
 1
$end
$sigma
 1
$end
$pressure
1.00000
$end
$scale
0.961
$end
$msrrho
$end
$freq
14.22
17.61
22.63
33.18
36.73
50.61
68.54
77.75
105.36
120.79
154.41
158.52
168.32
170.46
196.48
263.38
295.88
334.73
346.16
358.28
364.71
379.08
394.74
404.27
443.54
504.59
510.09
597.12
601.93
708.48
708.90
714.34
722.01
740.01
924.48
952.69
986.55
1005.57
1008.25
1019.10
1060.85
1062.39
1127.93
1128.54
1130.89
1131.53
1173.71
1181.97
1201.07
1206.98
1213.85
1216.16
1223.94
1225.47
1230.29
1232.44
1252.86
1252.92
1257.79
1267.86
1269.65
1277.48
1300.57
1315.40
1334.88
1340.15
1384.37
1384.41
1388.89
1389.20
1389.71
1390.13
1391.33
1391.87
1413.38
1424.83
1426.35
1427.11
1434.12
1434.74
3003.18
3004.94
3007.26
3009.47
3018.60
3022.06
3025.31
3027.93
3028.74
3059.11
3059.12
3065.58
3065.63
3080.27
3081.72
3083.28
3083.82
3154.90
3154.94
$end
