$molecule
 C   1.18171034 0.52602773 -0.72674418
 H   0.12998815 0.17468174 -0.84096349
 C   1.18896107 1.83976171 0.03072880
 H   2.23089658 2.16006012 0.26132887
 H   1.54957140 0.69441135 -1.75980296
 C   0.42270472 2.91474440 -0.69866775
 H   0.91719450 3.17908559 -1.64244272
 H  -0.60007732 2.58401487 -0.93958560
 H   0.34580841 3.82781904 -0.09504069
 C   0.85088856 -2.69652826 0.60334842
 H   0.70849993 -3.74543068 0.27322825
 H   1.45408517 -2.75490333 1.53214544
 C   1.64276324 -1.95235677 -0.46368578
 H   2.56272494 -2.53140618 -0.68596924
 H   1.07291000 -1.93333966 -1.41597493
 C   2.02269866 -0.53867503 -0.04375895
 H   1.97189042 -0.42769626 1.06689352
 C  -0.50172302 -2.08662203 0.93339448
 H  -0.89917384 -2.56360358 1.85166847
 H  -0.39777043 -1.00264045 1.18520711
 C  -1.51305004 -2.23987605 -0.19243733
 H  -1.70960494 -3.31322762 -0.38198717
 H  -1.09589614 -1.83750987 -1.14028497
 C  -2.81926835 -1.52960897 0.12896409
 H  -3.22700960 -1.90475168 1.08948029
 H  -3.58016447 -1.77289143 -0.63898734
 C  -2.64239948 -0.02445985 0.21920696
 H  -1.71533448 0.21974063 0.80850056
 C  -3.85506519 0.67285648 0.78038074
 H  -4.03976029 0.36740752 1.81866923
 H  -3.72394662 1.76260402 0.77224076
 H  -4.75910228 0.44348273 0.20068970
Cl   0.36440278 1.57116033 1.61408770
Cl   3.73725574 -0.24568365 -0.50284740
Cl  -2.37034057 0.61120424 -1.44372782
$end
$temperature
298.15
$end
$mult
 1
$end
$sigma
 1
$end
$pressure
1.00000
$end
$scale
0.953
$end
$msrrho
$end
$freq
31.69
49.75
60.32
72.98
78.76
84.46
96.88
140.57
160.86
173.26
194.34
205.23
234.11
265.34
301.15
320.29
327.23
344.71
365.17
386.64
404.85
443.37
482.11
521.29
562.39
593.39
600.47
668.57
790.16
845.93
880.16
910.30
927.21
932.92
956.94
980.72
1003.73
1011.81
1023.44
1043.83
1073.68
1080.06
1097.75
1109.13
1116.35
1125.93
1135.34
1140.36
1147.77
1153.25
1156.94
1168.91
1184.17
1191.85
1200.54
1206.55
1215.06
1228.42
1238.84
1268.00
1277.46
1311.47
1354.41
1364.94
1383.43
1386.80
1389.63
1393.43
1395.21
1396.32
1398.14
1399.54
1401.28
1403.15
1412.34
1416.52
1418.65
1424.82
2820.15
2888.37
2890.08
2914.17
2925.06
2932.73
2941.52
2948.71
2955.07
3005.12
3009.30
3018.91
3023.81
3028.15
3032.20
3055.70
3081.43
3084.98
3086.16
3168.51
3178.14
$end
