$molecule
 H  -0.60368690 -0.28133292 0.49318474
 C  -0.03461849 0.19039531 1.30813425
 C   1.45112371 0.02061144 1.15573018
 H  -0.31954607 1.25334524 1.31544649
 H  -0.39237539 -0.24982757 2.25325346
 C   1.88245165 -1.41698092 0.99574284
Cl   1.90325610 0.77207715 -0.49440972
 H   2.04401988 0.58081027 1.91531511
 C   3.37284959 -1.58690211 0.83799056
Cl   1.37140873 -2.25016188 2.56495881
 H   1.32654477 -1.94174037 0.18284536
 C   3.81450216 -3.03263796 0.91812752
Cl   4.18951163 -0.73157500 2.26724038
 H   3.74848397 -1.05726590 -0.07601721
 C   5.30066073 -3.14534303 0.66403787
 H   3.23945060 -3.64572122 0.18863092
 H   3.56726155 -3.46246248 1.91771370
 C   5.81618691 -4.56188404 0.77565155
Cl   5.53766567 -2.63217517 -1.12694006
 H   5.90015792 -2.40946025 1.25341036
 C   7.14177993 -4.75584281 0.06487393
 H   5.08500869 -5.29874078 0.37538905
 H   5.91680367 -4.82664413 1.85572625
 C   8.19194097 -3.72556259 0.39171833
Cl   7.73362176 -6.40804861 0.67946763
 H   7.04101675 -4.87447677 -1.04283788
 C   9.60285817 -4.14532017 0.05990186
Cl   8.18970441 -3.46654851 2.22532179
 H   7.93096009 -2.73408452 -0.05804336
 C  10.62334709 -3.07529985 0.33426824
Cl   9.54970430 -4.36219679 -1.79429549
 H   9.88398244 -5.14151976 0.47257971
 H  11.62733444 -3.38244341 0.00485616
 H  10.39983007 -2.13010059 -0.18279070
 H  10.68710102 -2.85121144 1.41155584
$end
$temperature
298.15
$end
$mult
 1
$end
$sigma
 1
$end
$pressure
1.00000
$end
$scale
1.0
$end
$msrrho
$end
$freq
17.57
25.59
33.89
42.74
52.49
62.48
69.23
81.01
98.38
108.99
117.38
148.19
159.15
166.12
170.91
177.18
196.86
220.08
234.63
241.49
249.56
280.50
292.77
322.15
335.45
368.11
381.79
389.97
444.35
460.73
505.03
528.84
575.97
584.60
609.55
617.80
620.50
668.30
710.53
714.91
913.54
961.97
971.68
988.64
1021.38
1021.75
1061.38
1101.52
1107.45
1117.07
1119.67
1129.09
1140.39
1142.18
1155.62
1164.09
1166.22
1170.17
1173.21
1181.90
1188.24
1194.54
1212.31
1218.21
1219.80
1226.95
1235.71
1260.21
1264.64
1264.88
1267.47
1276.75
1281.59
1282.95
1286.34
1300.05
1331.65
1337.95
1346.78
1372.65
1382.42
1394.21
2887.30
2898.85
2902.42
2910.46
2916.51
2923.41
2932.63
2942.09
2944.51
2968.25
2974.60
3010.49
3011.09
3021.65
3021.72
3074.47
3074.64
$end
