$molecule
 H  -0.63283369 -0.38268731 0.42140582
 C  -0.13770862 0.14581990 1.24706206
 C   1.37118541 0.05361272 1.17173922
 H  -0.47707985 1.19198053 1.20280484
 H  -0.52654099 -0.27409727 2.18705995
 C   1.87723654 -1.38565575 1.01639890
Cl   1.89709298 0.93838740 -0.31966503
 H   1.84895970 0.57042158 2.04042803
 C   3.39995928 -1.51457248 0.93200698
Cl   1.25319237 -2.33310144 2.40791326
 H   1.42842300 -1.85002549 0.09640596
 C   3.85649558 -2.97165936 0.98463541
Cl   4.19991975 -0.63860245 2.28758778
 H   3.75716449 -1.00949785 -0.00781849
 C   5.30778594 -3.13131778 0.54152824
 H   3.18537640 -3.60246676 0.36111461
 H   3.74325093 -3.37395704 2.01980551
 C   5.82853734 -4.54383536 0.78576282
Cl   5.38804866 -2.79653384 -1.23901854
 H   5.96386170 -2.36648445 1.02995493
 C   7.18639070 -4.82519672 0.13880498
 H   5.09924074 -5.29643088 0.41033552
 H   5.88340559 -4.71823082 1.88718950
 C   8.25716336 -3.77699432 0.44569085
Cl   7.69681404 -6.45440718 0.72299736
 H   7.08010043 -4.92523210 -0.97652327
 C   9.67471513 -4.16826680 0.01168082
Cl   8.30296363 -3.43730730 2.20815207
 H   7.96551104 -2.81185885 -0.05528629
 C  10.70055160 -3.09678208 0.31414247
Cl   9.61511243 -4.37122842 -1.78830007
 H   9.98556778 -5.15315408 0.43876457
 H  11.67399801 -3.33532317 -0.14023572
 H  10.40432634 -2.11163266 -0.07120140
 H  10.87189797 -2.98895361 1.39571751
$end
$temperature
298.15
$end
$mult
 1
$end
$sigma
 1
$end
$pressure
1.00000
$end
$scale
1.093
$end
$msrrho
$end
$freq
16.78
25.23
29.53
39.44
53.55
62.02
67.68
82.83
94.81
119.01
126.24
152.84
161.08
171.37
179.56
189.64
207.36
256.66
266.35
286.82
297.99
313.15
331.85
378.01
389.02
398.28
404.59
410.44
471.93
498.12
534.83
577.74
627.41
673.33
699.85
722.22
728.52
736.99
788.99
801.20
919.21
963.30
971.53
992.78
1048.37
1049.38
1061.46
1102.09
1110.51
1128.78
1136.81
1151.17
1151.32
1153.01
1161.74
1169.94
1176.93
1187.30
1190.85
1194.70
1203.13
1208.94
1214.73
1227.32
1236.99
1237.83
1238.34
1243.09
1249.34
1257.30
1259.55
1263.07
1271.95
1275.95
1287.92
1292.04
1297.04
1310.29
1342.75
1349.02
1349.52
1356.85
2628.52
2628.80
2639.03
2642.42
2645.90
2649.06
2660.73
2661.02
2662.91
2680.80
2681.68
2691.20
2691.52
2723.86
2729.98
2784.09
2784.14
$end
