$molecule
 H  -0.70095801 -0.45597120 0.58284150
 C  -0.14025616 0.18312038 1.30372883
 C   1.35645852 0.06544787 1.09452057
 H  -0.46300799 1.24275453 1.15607757
 H  -0.41229107 -0.12323544 2.34326267
 C   1.85746319 -1.38433204 1.05376553
Cl   1.74208371 0.77267743 -0.53125616
 H   1.91916016 0.67781354 1.84273684
 C   3.37751559 -1.51265556 0.92515108
Cl   1.31659100 -2.19848794 2.55829631
 H   1.36626358 -1.93608766 0.20785298
 C   3.84007016 -2.96987443 0.95627925
Cl   4.18336501 -0.64620401 2.28402868
 H   3.72109570 -0.99512173 -0.01233605
 C   5.30313671 -3.11474731 0.53970712
 H   3.19127037 -3.57777098 0.27390805
 H   3.71994036 -3.37803528 1.99721766
 C   5.83041231 -4.52901073 0.76949934
Cl   5.41585927 -2.74306400 -1.23150308
 H   5.94476851 -2.35374137 1.05202026
 C   7.19236707 -4.80515161 0.12556412
 H   5.10209734 -5.27599568 0.35608623
 H   5.90152996 -4.69926466 1.87934094
 C   8.28667163 -3.79802775 0.48474463
Cl   7.66813778 -6.46291171 0.66106875
 H   7.10092164 -4.86856663 -0.99372078
 C   9.68759619 -4.18520184 -0.00689730
Cl   8.36413724 -3.58876409 2.26559617
 H   8.00808850 -2.79241640 0.06402162
 C  10.76385255 -3.20018271 0.40659930
Cl   9.60230958 -4.17454424 -1.81952566
 H   9.96146809 -5.22859443 0.28734556
 H  11.72041076 -3.43882194 -0.11908114
 H  10.47530911 -2.15474388 0.14816464
 H  10.94449618 -3.26176596 1.50732160
$end
$temperature
298.15
$end
$mult
 1
$end
$sigma
 1
$end
$pressure
1.00000
$end
$scale
1.093
$end
$msrrho
$end
$freq
13.76
19.65
27.54
30.38
45.47
55.74
59.21
64.22
90.78
109.79
120.94
147.34
153.77
162.82
174.34
180.21
194.79
244.31
259.87
279.41
292.22
309.32
326.41
371.87
383.02
394.61
401.54
408.77
469.73
492.28
533.12
572.73
620.93
671.75
700.72
719.66
724.50
734.70
792.94
802.66
914.27
961.23
967.72
990.97
1044.91
1045.93
1055.19
1097.22
1103.92
1124.37
1129.80
1144.62
1147.27
1148.05
1156.69
1161.29
1167.23
1182.93
1186.11
1187.79
1192.23
1203.87
1209.61
1215.79
1229.62
1240.29
1246.33
1267.75
1273.94
1285.01
1289.70
1295.69
1338.01
1338.29
1339.79
1350.09
1350.54
1353.39
1359.64
1369.14
1409.48
1410.04
2614.36
2618.04
2635.04
2635.93
2642.70
2646.39
2652.38
2653.98
2655.35
2655.91
2656.32
2672.34
2672.72
2751.58
2758.00
2848.08
2848.15
$end
