$molecule
 C  -2.18333709 -0.59801413 0.96873365
 H  -1.75360391 -0.08178648 1.85512600
 C  -3.21357407 0.30014865 0.28933856
 H  -3.50710163 -0.09323936 -0.71398953
 H  -2.69393679 -1.49614774 1.38205809
 C  -4.42596068 0.57681306 1.15212680
 H  -4.99348374 -0.34144948 1.35504427
 H  -4.15784316 1.02161494 2.12019995
 H  -5.11508544 1.28213249 0.66424900
 C   1.28686835 -1.99846206 -0.17873506
 H   2.06835828 -2.52911334 0.40574083
 H   0.97083123 -2.71319018 -0.96765606
 C   0.10020580 -1.69328174 0.74428517
 H  -0.23922091 -2.63783405 1.21880046
 H   0.43965326 -1.04684284 1.58186248
 C  -1.06057539 -1.01673465 0.02303306
 H  -0.70186580 -0.15748786 -0.59668960
 C   1.89776118 -0.76163500 -0.84641116
 H   2.67757168 -1.08699124 -1.56706601
 H   1.12859987 -0.24719713 -1.46481203
 C   2.48434371 0.23638180 0.14523709
 H   1.79137031 0.42287447 0.99838098
 C   2.93767209 1.54831710 -0.49045251
 H   3.65775478 1.34662958 -1.30932275
 H   3.50568694 2.14645427 0.25328537
 C   1.76378191 2.38022086 -1.02748083
 H   2.16969777 3.22862449 -1.61574987
 H   1.16924685 1.77878833 -1.74507700
 C   0.85355663 2.91523288 0.07334379
 H   0.04332110 3.52590646 -0.34570095
 H   0.37599818 2.10783524 0.64112350
 H   1.40129108 3.54120622 0.78645593
Cl  -2.40449190 1.90266226 -0.04025244
Cl  -1.76067505 -2.20439620 -1.16303890
Cl   3.96194483 -0.52837283 0.89342959
$end
$temperature
298.15
$end
$mult
 1
$end
$sigma
 1
$end
$pressure
1.00000
$end
$scale
1.093
$end
$msrrho
$end
$freq
16.65
23.95
33.13
40.40
70.38
75.42
92.50
103.59
127.37
149.68
172.83
195.45
211.62
237.02
286.82
316.56
329.95
354.88
368.42
392.54
418.81
451.12
462.57
488.20
545.45
643.90
660.32
692.61
803.68
824.92
874.63
911.29
944.99
959.86
965.86
970.55
1000.06
1030.36
1034.71
1063.63
1099.99
1104.23
1116.63
1130.55
1139.57
1151.51
1159.48
1169.26
1175.56
1181.05
1184.94
1188.02
1196.92
1209.78
1212.37
1221.03
1228.27
1240.82
1245.10
1247.79
1255.47
1260.48
1260.97
1269.81
1270.42
1273.67
1273.87
1281.26
1283.11
1293.11
1295.60
1301.05
1324.29
1325.42
1332.66
1339.76
1340.91
1342.45
2642.04
2648.59
2654.62
2658.31
2658.96
2661.65
2665.35
2669.89
2675.27
2687.97
2690.99
2694.05
2700.19
2730.35
2733.04
2736.00
2737.17
2738.05
2743.91
2787.50
2788.93
$end
