$molecule
 H   0.88521466 -0.45512749 -0.33273020
 C   0.61754865 -0.08632100 0.68737570
 C   1.83828553 -0.08786461 1.57753286
 H   0.18671628 0.93972450 0.59042488
 H  -0.16192385 -0.76243049 1.11709129
 C   1.49428002 0.33557305 3.00289970
Cl   3.10570884 0.92619002 0.88061436
 H   2.28250596 -1.12024780 1.60257397
 C   2.65858012 0.13160162 3.97243337
Cl   0.96384914 2.02055784 3.03976165
 H   0.60400949 -0.26023105 3.34435429
 C   2.33161730 0.59159844 5.39165392
Cl   3.14408699 -1.56903018 3.97270129
 H   3.55705795 0.69727950 3.59832968
 C   3.54296738 0.52053802 6.32291196
Cl   1.00275599 -0.36423835 6.05911250
 H   1.94783156 1.64923405 5.35523625
 C   3.21345848 0.98734345 7.74018316
Cl   4.87426212 1.46880350 5.65323323
 H   3.92333272 -0.53805166 6.36455299
 C   4.37441766 0.76565686 8.71074374
Cl   2.74739082 2.69211532 7.73595441
 H   2.30596998 0.43273765 8.10862499
 C   4.04920943 1.23587991 10.12697795
Cl   4.83418441 -0.94091387 8.71637909
 H   5.28475244 1.31649597 8.34337169
 C   5.25789681 1.17767551 11.05856549
Cl   2.71949987 0.29044230 10.80689940
 H   3.66575208 2.29238862 10.08596464
 C   4.92715694 1.64780761 12.45575954
Cl   6.55824149 2.19350844 10.40478320
 H   5.68182761 0.13939386 11.08371267
 H   5.85662544 1.70534812 13.07366616
 H   4.45050964 2.65765205 12.43592234
 H   4.22474761 0.92993007 12.94631452
$end
$temperature
298.15
$end
$mult
 1
$end
$sigma
 1
$end
$pressure
1.00000
$end
$scale
0.961
$end
$msrrho
$end
$freq
13.75
20.87
23.42
28.94
38.17
47.46
55.65
61.87
77.62
108.87
125.11
136.06
139.24
157.42
165.20
171.28
176.52
181.23
186.63
189.39
191.92
256.84
282.92
311.32
321.23
331.07
334.30
365.16
399.95
417.22
466.75
491.22
506.77
543.64
591.90
659.36
687.24
729.93
767.41
770.64
780.43
805.27
832.73
850.85
867.23
879.66
1006.53
1013.69
1056.13
1065.82
1117.24
1120.93
1127.24
1133.65
1151.33
1159.55
1160.27
1169.01
1187.29
1200.38
1203.26
1214.38
1217.54
1227.22
1228.64
1238.04
1238.85
1241.55
1247.81
1263.46
1271.97
1276.99
1281.78
1309.72
1344.60
1360.86
1369.53
1370.40
1382.63
1383.06
1388.88
1389.47
1432.52
1432.81
2981.52
2982.73
2987.18
2998.28
2998.79
3000.01
3005.26
3011.49
3027.34
3056.06
3058.66
3062.33
3064.15
3153.45
3153.48
$end
