$molecule
 C   1.68917263 -0.25580172 0.75925955
 H   0.59293264 -0.43552761 0.87148165
 C   2.33446178 -1.43203727 0.06950570
 H   3.38773973 -1.25475361 -0.23625686
 H   2.05999894 -0.18402684 1.80740749
 C   2.09979870 -2.74230834 0.76438073
 H   1.03386188 -2.91462831 0.99135686
 H   2.43785546 -3.59560007 0.15795467
 H   2.64480130 -2.78928926 1.71998424
 C   0.01212900 2.48727657 -0.67789014
 H  -0.63613966 3.33003523 -0.34810588
 H   0.53750643 2.87748472 -1.57714628
 C   1.03559248 2.17509871 0.41291901
 H   1.63792963 3.09069340 0.61413595
 H   0.53822628 1.98005870 1.38651460
 C   1.95281050 1.03595460 0.01772172
 H   2.06354459 0.91184784 -1.08336333
 C  -0.85449289 1.29870451 -1.08292132
 H  -1.38420707 1.54178409 -2.03166606
 H  -0.22946507 0.41460829 -1.34393280
 C  -1.86554245 0.93057914 -0.02312929
 H  -1.45280276 0.84177806 1.00507105
 C  -2.75921679 -0.23732012 -0.39244814
 H  -3.19781008 -0.09537336 -1.40534577
 H  -3.64051029 -0.25552572 0.28844961
 C  -2.02016014 -1.55478818 -0.33877640
 H  -1.06558310 -1.57807078 -0.91505766
 C  -2.90075649 -2.74405964 -0.60660100
 H  -3.77582585 -2.78324113 0.05938227
 H  -3.27905683 -2.73797692 -1.64051368
 H  -2.35990439 -3.69230772 -0.46734883
Cl   1.40342192 -1.57629988 -1.58548666
Cl   3.69049290 1.52625827 0.56532869
Cl  -1.45748265 -1.74882715 1.45533548
Cl  -3.04521804 2.38990178 0.07520971
$end
$temperature
298.15
$end
$mult
 1
$end
$sigma
 1
$end
$pressure
1.00000
$end
$scale
1.0
$end
$msrrho
$end
$freq
34.92
53.82
58.56
71.13
86.75
91.31
98.64
113.48
134.89
144.79
169.80
176.40
186.46
230.67
268.09
280.37
294.94
306.21
332.41
352.86
360.08
394.13
403.23
439.89
484.19
511.23
539.90
569.17
582.21
647.67
665.68
845.04
896.85
923.19
936.93
959.65
965.72
981.56
1007.96
1019.39
1034.06
1072.87
1094.00
1103.91
1124.43
1144.99
1151.33
1154.06
1162.38
1167.79
1170.36
1174.04
1179.87
1184.18
1189.22
1193.60
1206.52
1219.02
1239.10
1248.93
1256.86
1260.94
1268.19
1269.07
1279.46
1281.90
1286.65
1287.11
1294.59
1312.77
1318.80
1320.75
1335.85
1338.38
1343.35
1353.03
1362.90
1381.83
1399.51
2906.99
2911.73
2918.90
2919.35
2928.45
2930.70
2940.99
2960.78
2964.80
2973.44
2977.39
2983.01
2984.21
2996.41
3000.62
3018.60
3019.19
3021.87
3069.38
3078.06
$end
