$molecule
 H   0.91821592 -0.45094466 -0.12575125
 C   0.34122023 -0.16221966 0.78067664
 C   1.23566711 0.14657430 1.97460161
 C  -0.73423567 -1.17459828 1.10698481
Cl  -0.48338041 1.37242819 0.32051572
 C   2.42579062 1.01674508 1.59933220
 H   1.57715358 -0.80735532 2.43579408
 H   0.64434086 0.64564332 2.77587282
 C   3.21367081 1.46809612 2.82175107
Cl   3.52720285 0.01418619 0.58803962
 H   2.13646934 1.87020563 0.94336650
 C   4.34027571 2.42707741 2.46067433
 H   3.63326420 0.58738468 3.35917818
 H   2.52061250 1.94221290 3.55397939
 C   5.23373641 2.72364802 3.65632575
Cl   3.59662155 3.97064543 1.92716098
 H   4.92201734 2.07075609 1.58050451
 C   6.27425855 3.80504411 3.37590440
 H   5.72668442 1.77505292 3.97885607
 H   4.61944841 3.02876433 4.53514059
 C   7.08737362 3.59643760 2.10906322
Cl   7.37320865 3.82307988 4.78633362
 H   5.79862152 4.82011215 3.37587828
 C   8.28017952 4.53161899 1.94152750
Cl   7.74155949 1.93466679 2.10926610
 H   6.42039683 3.64970086 1.21046794
 C   8.95168235 4.38678352 0.59415786
Cl   7.63495374 6.20350712 2.03766300
 H   9.01520586 4.45346368 2.77620839
 H   9.46069475 3.41552640 0.49385123
 H   8.24639392 4.47018969 -0.24514076
 H   9.72433579 5.15580439 0.43793149
 H  -1.34925508 -0.87490134 1.96698968
 H  -1.42399847 -1.32748038 0.26270295
 H  -0.29954488 -2.15652426 1.34147326
$end
$temperature
298.15
$end
$mult
 1
$end
$sigma
 1
$end
$pressure
1.00000
$end
$scale
1.093
$end
$msrrho
$end
$freq
14.70
19.78
25.23
34.18
43.62
55.58
63.36
81.97
105.18
116.16
139.91
150.55
161.56
167.81
171.25
208.05
235.63
247.35
265.11
292.52
314.20
340.10
343.64
359.67
388.82
399.06
451.44
461.60
525.33
550.37
564.95
646.92
658.15
680.66
718.37
727.40
796.95
916.80
949.62
974.94
980.76
1012.88
1049.12
1064.79
1069.06
1085.85
1115.10
1130.14
1141.61
1143.85
1147.80
1158.15
1159.49
1176.16
1181.46
1185.50
1195.35
1201.06
1205.44
1206.70
1214.83
1232.68
1253.04
1276.61
1278.85
1279.67
1283.56
1285.84
1287.90
1290.01
1292.67
1298.26
1306.72
1310.98
1316.79
1330.15
1341.73
1369.61
1391.58
1398.20
1398.34
2627.40
2638.98
2641.08
2644.50
2647.99
2657.24
2659.15
2659.65
2661.34
2666.56
2667.39
2678.07
2681.46
2722.12
2727.73
2734.20
2775.88
2778.32
$end
