$molecule
 H   0.89065842 -0.52415928 -0.07884692
 C   0.30350213 -0.16758647 0.80220218
 C   1.20495204 0.15013100 1.99425644
 C  -0.80754319 -1.13625013 1.15068384
Cl  -0.47579447 1.38837374 0.27305960
 C   2.41606788 0.99237052 1.60498650
 H   1.53247829 -0.80118682 2.46797599
 H   0.61867627 0.68110736 2.77708801
 C   3.22834304 1.42984781 2.82184983
Cl   3.49319129 -0.03859973 0.56654696
 H   2.12283416 1.86634672 0.96919063
 C   4.37166365 2.37232666 2.45382536
 H   3.63970513 0.53878225 3.34630137
 H   2.55224900 1.92127010 3.55699086
 C   5.27629394 2.66419322 3.64775358
Cl   3.64962474 3.93720959 1.89489915
 H   4.96128821 1.97765254 1.58782764
 C   6.28785166 3.78498008 3.39885771
 H   5.80618752 1.72422218 3.93217720
 H   4.66678190 2.93527646 4.53861214
 C   7.09977284 3.62346303 2.11296169
Cl   7.37155035 3.81785493 4.84212081
 H   5.77438793 4.78574829 3.38554685
 C   8.27445195 4.59892126 1.97385672
Cl   7.76230429 1.95783533 2.00487155
 H   6.40519071 3.74564770 1.23506246
 C   9.03771885 4.42039220 0.67862640
Cl   7.55323924 6.26134359 1.95539695
 H   8.96147500 4.55359024 2.85413988
 H   9.59708197 3.47303267 0.66142319
 H   8.37901459 4.42860023 -0.20057365
 H   9.77191247 5.22685578 0.53228978
 H  -1.43381671 -0.77080283 1.97607468
 H  -1.48085504 -1.29746682 0.29549291
 H  -0.41039488 -2.11763861 1.44146330
$end
$temperature
298.15
$end
$mult
 1
$end
$sigma
 1
$end
$pressure
1.00000
$end
$scale
1.093
$end
$msrrho
$end
$freq
18.35
24.28
30.11
39.48
52.66
61.55
77.90
88.89
115.75
121.75
150.88
160.29
169.46
178.90
186.90
216.29
258.80
268.35
290.30
314.10
332.13
367.39
373.79
386.54
403.19
419.24
471.44
476.62
532.52
569.56
584.16
654.19
663.44
684.34
722.24
735.42
800.17
901.98
937.48
965.37
971.24
995.95
1039.38
1048.87
1060.89
1100.62
1114.75
1125.45
1127.10
1141.20
1152.11
1155.20
1160.67
1177.73
1179.37
1187.24
1192.57
1199.02
1201.92
1210.73
1217.19
1226.17
1233.01
1238.30
1244.70
1248.21
1249.26
1260.51
1262.77
1268.22
1274.09
1274.69
1279.49
1291.20
1296.92
1309.56
1331.46
1338.40
1347.26
1349.64
1350.73
2628.70
2638.26
2641.42
2644.85
2652.18
2656.97
2660.91
2663.34
2668.84
2681.89
2687.71
2691.06
2694.23
2725.56
2730.06
2735.30
2784.06
2786.07
$end
