$molecule
 C   1.69214986 -0.26528188 0.74053365
 H   0.59102609 -0.40254751 0.84340867
 C   2.28215303 -1.47215607 0.03689789
 H   3.36414644 -1.31703060 -0.17895739
 H   2.08050603 -0.21846341 1.77884547
 C   2.04306690 -2.74649775 0.80727617
 H   0.97378847 -2.88340483 1.03338585
 H   2.38024154 -3.62341783 0.24037385
 H   2.58568128 -2.73716149 1.76155489
 C   0.01625860 2.43638145 -0.73587256
 H  -0.58773243 3.32262584 -0.44977296
 H   0.55707662 2.72520688 -1.65977803
 C   1.02479071 2.15081394 0.36833130
 H   1.59180230 3.08288875 0.57133802
 H   0.49813672 1.91986984 1.31759431
 C   1.99702055 1.03351241 0.01367686
 H   2.02531268 0.86916829 -1.09120142
 C  -0.92324918 1.28679983 -1.06126241
 H  -1.44923493 1.50561609 -2.01252086
 H  -0.35312391 0.34243324 -1.24379857
 C  -1.94755039 1.02128585 0.02735398
 H  -1.45280517 0.92449836 1.02452581
 C  -2.78992733 -0.21084113 -0.26239964
 H  -3.27804674 -0.10817097 -1.25313245
 H  -3.61495132 -0.27975153 0.47517532
 C  -1.95849443 -1.48025861 -0.23929762
 H  -0.99988480 -1.32368372 -0.80814020
 C  -2.71680632 -2.67697375 -0.75367126
 H  -3.64851391 -2.83741246 -0.19491960
 H  -2.98109877 -2.55145453 -1.81192286
 H  -2.11626033 -3.59163458 -0.66649702
Cl   1.45259578 -1.64368053 -1.55778193
Cl   3.65387810 1.54077222 0.49216398
Cl  -1.49331175 -1.81822361 1.46567843
Cl  -3.06204993 2.42029434 0.11722705
$end
$temperature
298.15
$end
$mult
 1
$end
$sigma
 1
$end
$pressure
1.00000
$end
$scale
0.953
$end
$msrrho
$end
$freq
29.12
44.95
58.89
73.40
79.49
83.18
88.00
98.42
136.97
156.43
170.76
181.03
193.40
243.89
265.65
295.87
311.83
329.53
346.63
364.82
386.73
406.20
413.03
442.62
481.46
516.50
541.05
592.94
606.29
670.20
691.38
831.07
881.12
910.33
927.37
948.63
949.41
963.61
993.55
1014.20
1025.01
1053.19
1071.79
1089.34
1100.51
1107.84
1119.26
1124.48
1133.65
1137.23
1147.74
1152.71
1165.12
1173.45
1178.53
1190.60
1194.90
1206.30
1211.29
1229.39
1231.92
1262.11
1268.07
1306.06
1351.35
1367.26
1382.95
1385.23
1388.69
1393.08
1393.99
1394.89
1397.69
1398.52
1400.18
1402.24
1408.06
1417.51
1419.37
2817.22
2883.48
2888.16
2890.04
2916.39
2926.00
2937.13
2945.45
2953.51
3001.50
3010.26
3019.29
3024.29
3029.25
3056.32
3081.63
3085.04
3086.15
3168.71
3177.88
$end
