$molecule
 C  -1.94880719 1.01293475 -0.75169305
 H  -2.26693258 0.62711755 -1.74571960
 C  -3.15253920 1.58904031 -0.01006244
 H  -2.91375524 1.81623585 1.05720040
 H  -1.22857878 1.83259466 -0.97306963
 C  -3.74946418 2.79321078 -0.70879735
 H  -3.03906237 3.62974289 -0.74489936
 H  -4.05089280 2.56672165 -1.74068298
 H  -4.65082662 3.15147185 -0.19020648
 C   0.49981231 -1.92667339 -0.04374122
 H   0.64855476 -1.70352937 1.04176101
 C  -0.13406331 -0.75079217 -0.77890199
 H   0.65098268 0.00895375 -1.01408006
 H  -0.52092865 -1.08034273 -1.76743982
 C  -1.25342902 -0.09940158 0.02542560
 H  -1.97834278 -0.85766218 0.41431740
 C   1.80273673 -2.42779681 -0.66577487
 H   2.21208023 -3.24429151 -0.03507633
 H   1.60182521 -2.89471811 -1.65324113
 C   2.85082564 -1.32127645 -0.84232708
 H   2.52375514 -0.64147423 -1.65789531
 H   3.79738645 -1.77351309 -1.19984840
 C   3.11117661 -0.52199049 0.44010979
 H   3.67735363 -1.14331137 1.16304414
 H   2.15490350 -0.27841175 0.95646982
 C   3.87163666 0.77077216 0.16336646
 H   4.73696598 0.60738246 -0.51903112
 C   4.28530640 1.49712279 1.42603998
 H   3.42164782 1.72529586 2.06840285
 H   4.99057175 0.90298940 2.02086375
 H   4.76961748 2.45790743 1.20094226
Cl  -4.43580097 0.29890033 0.04183501
Cl  -0.49303083 0.65995921 1.49983572
Cl   2.74824121 1.88819167 -0.75036263
Cl  -0.67995745 -3.30961813 -0.08687749
$end
$temperature
298.15
$end
$mult
 1
$end
$sigma
 1
$end
$pressure
1.00000
$end
$scale
1.093
$end
$msrrho
$end
$freq
23.19
25.20
35.45
46.24
60.47
72.39
95.49
111.25
149.81
161.55
166.44
186.24
186.59
214.57
251.52
295.03
321.56
346.13
353.01
370.28
378.79
406.85
419.13
471.30
500.02
507.26
562.89
638.02
644.69
662.09
714.47
792.75
880.09
918.63
957.15
965.11
981.50
987.47
1032.83
1038.25
1040.04
1098.16
1111.56
1120.32
1125.38
1129.55
1139.60
1147.40
1160.34
1171.18
1180.64
1188.45
1196.13
1199.75
1202.01
1209.16
1219.87
1227.34
1239.71
1245.03
1245.14
1246.74
1248.70
1257.82
1264.62
1267.00
1271.71
1273.04
1273.41
1283.90
1290.60
1298.43
1316.67
1326.46
1331.20
1340.48
1343.29
1347.95
1354.39
2640.18
2645.04
2648.47
2653.18
2658.46
2662.16
2666.37
2670.70
2676.61
2688.72
2690.58
2693.38
2694.19
2725.63
2729.50
2733.50
2740.22
2741.56
2785.91
2786.16
$end
