$molecule
 H   1.05578893 -0.54089519 -0.01933381
 C   0.41120680 -0.15728548 0.80381989
 C   1.18684271 0.19981875 2.05378680
 C  -0.79472459 -1.01564321 1.07138764
Cl  -0.25653417 1.47385407 0.16407398
 C   2.40620375 1.02459537 1.70821061
 H   1.47666847 -0.72884701 2.59356480
 H   0.53988704 0.76062136 2.76486825
 C   3.21842575 1.42819589 2.91904091
Cl   3.51988064 -0.13273407 0.73267786
 H   2.18938679 1.87186831 1.01307617
 C   4.43260515 2.23129236 2.50632922
 H   3.54181966 0.53312879 3.49600346
 H   2.57923992 2.01269070 3.61841440
 C   5.31620841 2.61176594 3.67299963
Cl   3.75575536 3.83419154 1.80928001
 H   4.99511140 1.76448037 1.66095996
 C   6.22427307 3.78414166 3.35567577
 H   5.92472856 1.72492950 3.97188676
 H   4.71812964 2.85824933 4.57806364
 C   6.98797522 3.66093651 2.06250554
Cl   7.44765032 3.78655893 4.75734515
 H   5.71021226 4.77585016 3.41460384
 C   8.18814157 4.56942456 1.95689956
Cl   7.68031615 1.94566744 1.96724704
 H   6.30228379 3.76416653 1.18344086
 C   8.89002341 4.47763499 0.62998322
Cl   7.43223800 6.27516622 2.03765406
 H   8.87881518 4.50366464 2.82887603
 H   9.33093851 3.47874164 0.47971861
 H   8.21957313 4.66943604 -0.22118055
 H   9.70776922 5.21010671 0.55545880
 H  -1.46774701 -0.57834005 1.82377133
 H  -1.39742301 -1.16361634 0.16254597
 H  -0.50610062 -2.01462257 1.43255969
$end
$temperature
298.15
$end
$mult
 1
$end
$sigma
 1
$end
$pressure
1.00000
$end
$scale
1.0
$end
$msrrho
$end
$freq
19.78
25.01
34.57
42.21
53.40
62.56
70.93
89.95
106.98
116.23
144.11
152.24
167.83
168.56
170.15
202.89
226.69
235.14
250.98
282.39
296.67
317.13
324.63
342.54
379.46
391.91
440.73
455.59
503.68
523.58
565.18
580.53
582.00
599.10
618.52
668.52
713.25
896.94
932.63
965.22
968.00
988.83
1020.83
1021.83
1061.27
1087.75
1104.87
1116.23
1125.81
1134.09
1138.49
1146.73
1162.69
1164.33
1167.88
1171.23
1173.67
1181.44
1187.91
1193.19
1208.40
1218.22
1224.73
1231.66
1241.69
1263.51
1265.38
1270.95
1275.38
1278.29
1280.24
1283.51
1287.37
1288.00
1300.64
1335.01
1339.46
1349.53
1376.83
1385.23
1398.64
2898.42
2902.05
2910.56
2913.51
2921.83
2927.27
2931.86
2942.18
2948.02
2973.96
2975.79
2978.74
3011.23
3019.49
3021.66
3022.88
3074.70
3078.64
$end
