$molecule
 H   0.91045273 -0.31848012 -0.32398659
 C   0.63110753 -0.05222587 0.70340300
 C   1.82618131 -0.12391451 1.62186311
 H   0.20286492 0.95980361 0.68099957
 H  -0.15918684 -0.74317562 1.02479564
 C   1.49259131 0.32472623 3.03454438
Cl   3.09993210 0.94917738 0.96975116
 H   2.24410910 -1.15928320 1.64634258
 C   2.65414949 0.11832392 3.99427679
Cl   1.09679145 2.06696655 2.98936286
 H   0.59147641 -0.22065071 3.40762434
 C   2.32814929 0.58447734 5.40275740
Cl   3.03060463 -1.62857076 4.06167898
 H   3.56136593 0.65236247 3.61151167
 C   3.53830965 0.52123325 6.32135322
Cl   1.05650415 -0.48471803 6.06302847
 H   1.92278083 1.62836362 5.37810479
 C   3.21132499 0.98864866 7.72960239
Cl   4.81066819 1.58799114 5.66168774
 H   3.94176623 -0.52333493 6.34720172
 C   4.37313065 0.77595758 8.68726008
Cl   2.83876408 2.73546211 7.66264987
 H   2.30267193 0.45635232 8.11088326
 C   4.04879898 1.24308232 10.09637781
Cl   4.74321581 -0.97165210 8.74898444
 H   5.28307730 1.30854858 8.30925074
 C   5.25847833 1.18114514 11.01536307
Cl   2.77746667 0.17679489 10.76020008
 H   3.64000626 2.28331766 10.06571794
 C   4.93664933 1.61502352 12.42404087
Cl   6.49945161 2.30505971 10.37357192
 H   5.69517472 0.15405526 11.00020841
 H   5.83145634 1.57755150 13.05841205
 H   4.55176691 2.64324750 12.45422810
 H   4.17747124 0.96076005 12.87464991
$end
$temperature
298.15
$end
$mult
 1
$end
$sigma
 1
$end
$pressure
1.00000
$end
$scale
0.953
$end
$msrrho
$end
$freq
19.47
23.66
27.08
37.06
42.91
54.35
63.24
67.20
85.52
107.43
120.75
129.19
131.63
151.48
163.19
166.95
170.52
173.24
177.52
182.29
185.29
239.90
261.07
283.63
289.88
296.23
300.72
337.76
367.61
391.46
430.10
448.08
469.78
494.90
534.93
595.40
611.64
631.48
661.81
678.96
687.99
693.80
734.86
771.72
803.62
825.24
950.82
955.26
1014.81
1021.68
1079.24
1080.17
1095.61
1103.81
1117.38
1120.29
1128.27
1131.55
1136.78
1138.97
1142.74
1144.05
1151.55
1157.59
1172.14
1176.28
1181.88
1196.39
1203.28
1206.05
1209.96
1213.05
1215.20
1264.75
1312.18
1345.51
1367.95
1381.44
1389.77
1390.81
1395.72
1396.86
1403.57
1404.80
2863.88
2866.03
2868.29
2871.36
2873.28
2887.22
2894.31
2898.50
2906.07
3076.44
3076.79
3084.87
3086.15
3174.30
3174.42
$end
