$molecule
 C   1.69736114 -0.29114589 0.68411911
 H   0.58440019 -0.45854845 0.69824035
 C   2.37784759 -1.46745426 0.01054454
 H   3.44150061 -1.21710547 -0.24091421
 H   2.03644609 -0.24795031 1.75461777
 C   2.31211642 -2.70198369 0.87637026
 H   1.25440108 -2.95007123 1.13741545
 H   2.76515770 -3.57752378 0.35153411
 H   2.87954139 -2.52311544 1.82285437
 C   0.01610354 2.47526354 -0.65555421
 H  -0.58279363 3.36084106 -0.31071317
 H   0.58629765 2.79731516 -1.56865682
 C   1.00240430 2.11246680 0.43616681
 H   1.55911895 3.04657152 0.72066697
 H   0.44998403 1.77756669 1.35391780
 C   1.98437507 1.03402640 0.00162217
 H   1.96620278 0.91129611 -1.11354512
 C  -0.92334846 1.35736008 -1.05470188
 H  -1.43463790 1.64248450 -2.01348100
 H  -0.32591119 0.42690626 -1.26017635
 C  -1.97315294 1.02941591 -0.00964084
 H  -1.49707031 0.87850600 0.99422798
 C  -2.79703444 -0.18824982 -0.39431676
 H  -3.08495131 -0.11319881 -1.47797600
 H  -3.74828892 -0.20566926 0.20346760
 C  -2.06013872 -1.49910030 -0.18875556
 H  -1.03028081 -1.45521315 -0.63291051
 C  -2.83567725 -2.64943015 -0.78574804
 H  -3.85683724 -2.71742455 -0.33860062
 H  -2.93886303 -2.49797639 -1.88843622
 H  -2.30468350 -3.61602795 -0.60899946
Cl   1.61525147 -1.80053447 -1.56372773
Cl   3.65117305 1.54177778 0.35122912
Cl  -1.78305217 -1.80107309 1.54071474
Cl  -3.07285000 2.40599686 0.21724809
$end
$temperature
298.15
$end
$mult
 1
$end
$sigma
 1
$end
$pressure
1.00000
$end
$scale
0.961
$end
$msrrho
$end
$freq
17.85
24.28
40.91
42.33
47.36
67.93
82.47
107.57
141.52
151.71
167.03
172.35
182.81
255.71
287.57
303.81
321.59
343.61
355.16
380.02
387.18
424.35
452.49
464.27
499.61
535.96
558.05
700.82
711.01
747.26
769.85
871.66
921.94
961.29
970.28
997.85
1008.53
1018.51
1050.98
1060.69
1081.44
1115.31
1133.22
1135.03
1153.72
1186.67
1199.43
1205.90
1211.80
1217.32
1224.34
1225.21
1226.27
1239.22
1246.13
1255.67
1268.06
1271.99
1284.71
1318.48
1322.80
1328.99
1341.54
1383.79
1383.88
1388.19
1389.14
1390.09
1391.75
1399.52
1400.94
1403.59
1411.22
1416.36
1417.24
1427.51
1431.13
1433.84
1435.02
2997.76
3000.45
3005.15
3006.24
3014.38
3018.24
3019.68
3029.20
3029.61
3057.92
3058.85
3063.53
3065.27
3076.89
3077.51
3082.79
3083.22
3087.83
3152.90
3154.77
$end
