$molecule
 H   0.02107030 -0.61272001 0.06301067
 C   0.04036792 -0.14901849 1.07714784
 C   1.45424419 0.03806548 1.61614465
 C  -0.78400546 1.11737212 1.12429431
Cl  -0.75722483 -1.34368161 2.15455627
 C   2.28530910 -1.23396617 1.68367049
Cl   2.26392993 1.20280179 0.53221758
 H   1.43902562 0.53512921 2.61906898
 H  -1.83934610 0.92805197 0.87127194
 H  -0.77559773 1.59656623 2.11337779
 H  -0.42617469 1.86548353 0.39957602
 C   3.72874519 -0.97419252 2.09570739
Cl   2.31281190 -2.01731403 0.07933742
 H   1.79704675 -1.98238809 2.35982129
 C   4.42950176 -2.26329023 2.50513545
 H   4.29647031 -0.48133920 1.27033907
 H   3.75634981 -0.22447056 2.92185472
 C   5.94244906 -2.10626262 2.57001040
Cl   3.80410511 -2.73737664 4.10805715
 H   4.15372154 -3.11080622 1.82614932
 C   6.67126339 -3.35202644 3.06228549
Cl   6.34147205 -0.78108879 3.69316871
 H   6.32190909 -1.76822389 1.56966291
 C   8.17682945 -3.18052984 3.20309866
Cl   6.33737089 -4.63604963 1.87346256
 H   6.23729729 -3.72310088 4.03039055
 C   8.93854832 -4.46616964 3.51188195
Cl   8.83733328 -2.55676203 1.66766906
 H   8.41311311 -2.39444749 3.96660108
 C  10.40474036 -4.22309863 3.79053524
Cl   8.21662006 -5.14169857 5.00910298
 H   8.79497037 -5.25482522 2.73666089
 H  10.91071995 -5.13582892 4.14315156
 H  10.94583988 -3.90316865 2.88636834
 H  10.57206076 -3.45178623 4.55595586
$end
$temperature
298.15
$end
$mult
 1
$end
$sigma
 1
$end
$pressure
1.00000
$end
$scale
1.093
$end
$msrrho
$end
$freq
11.27
20.69
21.76
33.99
37.82
48.56
54.93
70.10
76.49
101.35
111.04
135.09
148.38
158.26
163.68
164.17
173.59
179.31
190.30
236.44
258.58
272.64
289.59
297.42
311.56
356.42
372.02
387.67
393.74
401.44
444.95
484.07
558.23
590.02
634.54
679.12
707.95
717.69
720.25
739.68
776.98
792.97
820.00
963.56
976.19
982.05
1058.74
1068.05
1069.23
1083.36
1104.62
1124.95
1135.46
1148.31
1152.31
1156.69
1160.97
1163.98
1165.81
1175.78
1185.70
1195.42
1196.25
1200.33
1206.07
1207.95
1240.39
1276.19
1276.46
1277.75
1280.03
1284.55
1285.73
1288.34
1294.79
1302.99
1308.89
1310.36
1328.94
1333.66
1385.73
1397.93
1397.99
2621.04
2623.35
2639.97
2640.74
2641.90
2646.98
2649.30
2655.83
2658.14
2658.81
2659.89
2676.92
2678.74
2719.61
2775.73
2776.10
$end
