$molecule
 C  -2.21752150 -0.71012360 1.01242983
 H  -1.80907672 -0.26985313 1.95860878
 C  -3.26022911 0.23743470 0.42150178
 H  -3.51544005 -0.03229842 -0.63269938
 H  -2.72004401 -1.67738163 1.27369850
 C  -4.50447431 0.37186871 1.27807295
 H  -5.04470767 -0.60234404 1.32280607
 H  -4.24297062 0.69014751 2.31424588
 H  -5.18919445 1.13903012 0.84203605
 C   1.27845656 -2.00408954 -0.22442005
 H   2.06014216 -2.54510400 0.36802718
 H   0.94446271 -2.67730220 -1.05466036
 C   0.08632764 -1.74091991 0.70817730
 H  -0.29014592 -2.73165624 1.07044273
 H   0.43984351 -1.16295396 1.59870254
 C  -1.05997363 -0.97828950 0.05068735
 H  -0.70721133 -0.03557058 -0.43160758
 C   1.91454707 -0.75910459 -0.86040027
 H   2.78574948 -1.09813138 -1.47788711
 H   1.17537645 -0.28086311 -1.55028918
 C   2.39337190 0.28731392 0.14060069
 H   1.59100184 0.58606832 0.85175484
 C   3.04709116 1.51426271 -0.49529302
 H   3.84385513 1.18249971 -1.20570157
 H   3.53803748 2.11621891 0.31183998
 C   2.05577662 2.41930356 -1.24657254
 H   2.64551633 3.24223981 -1.72414922
 H   1.55564510 1.84000460 -2.05859473
 C   0.98972708 3.04254900 -0.34370726
 H   0.40807900 3.80003617 -0.91726270
 H   0.27935680 2.26967898 0.02523142
 H   1.46215883 3.54215291 0.53066947
Cl  -2.49390183 1.89147471 0.31222151
Cl  -1.70836039 -1.99225550 -1.31424514
Cl   3.67060286 -0.49379644 1.18839776
$end
$temperature
298.15
$end
$mult
 1
$end
$sigma
 1
$end
$pressure
1.00000
$end
$scale
1.093
$end
$msrrho
$end
$freq
3.14
17.87
32.54
46.28
60.58
75.86
104.15
109.28
138.49
167.38
173.49
199.30
224.51
240.75
289.05
314.37
329.67
358.70
373.23
394.33
421.81
458.55
464.45
492.35
549.07
644.41
660.90
690.18
813.12
825.41
879.92
913.68
947.83
960.09
967.46
983.43
993.61
1032.14
1045.74
1061.98
1101.11
1106.58
1119.86
1131.05
1137.04
1150.69
1158.91
1168.88
1172.18
1179.70
1187.66
1188.33
1198.51
1209.66
1217.37
1224.84
1234.40
1263.90
1273.54
1281.08
1314.45
1317.96
1329.52
1337.75
1345.98
1347.78
1348.39
1354.03
1355.51
1360.25
1364.29
1367.47
1370.81
1373.88
1383.19
1386.13
1403.34
1406.59
2623.56
2629.53
2631.77
2632.55
2640.60
2641.98
2654.06
2662.73
2665.15
2669.20
2673.87
2676.54
2677.59
2761.20
2762.48
2767.03
2768.43
2770.20
2771.86
2850.34
2856.84
$end
