$molecule
 C   1.65095672 -0.22486225 0.73142473
 H   0.54963771 -0.37220102 0.77820778
 C   2.32394091 -1.43542803 0.10785047
 H   3.37756566 -1.23838974 -0.18846394
 H   1.94627033 -0.14585393 1.80356966
 C   2.18940532 -2.68523646 0.94421084
 H   1.14275778 -2.92825893 1.18078122
 H   2.61206917 -3.56764336 0.44173992
 H   2.71722125 -2.58004574 1.90334640
 C   0.02036921 2.48431937 -0.79142955
 H  -0.57127799 3.38941636 -0.53976448
 H   0.57833372 2.75817023 -1.71102416
 C   1.01305872 2.20362181 0.34425648
 H   1.57445258 3.14134897 0.55498473
 H   0.47322168 1.99890255 1.28976921
 C   1.96244017 1.06580803 -0.00966858
 H   2.04302789 0.92377680 -1.10990831
 C  -0.91862457 1.31473961 -1.11004649
 H  -1.49663664 1.55670734 -2.02828569
 H  -0.31912139 0.42046321 -1.38322782
 C  -1.86240094 0.96608855 0.02906797
 H  -1.33071064 0.82896411 0.99494597
 C  -2.79154144 -0.20092850 -0.28980303
 H  -3.31717687 -0.02194044 -1.25452171
 H  -3.61043433 -0.25802899 0.46477207
 C  -2.05566807 -1.53018589 -0.35971335
 H  -1.12868130 -1.47387387 -0.97026653
 C  -2.94462742 -2.67209215 -0.79597430
 H  -3.83064991 -2.78621258 -0.15526577
 H  -3.30226266 -2.52848378 -1.82556272
 H  -2.41199874 -3.63555871 -0.77853093
Cl   1.47854896 -1.75315642 -1.46715837
Cl   3.63367770 1.54622906 0.47848745
Cl  -1.47439378 -1.91545846 1.30794281
Cl  -2.93050560 2.38806176 0.31542852
$end
$temperature
298.15
$end
$mult
 1
$end
$sigma
 1
$end
$pressure
1.00000
$end
$scale
1.093
$end
$msrrho
$end
$freq
8.52
33.74
40.25
64.06
68.28
75.59
83.38
104.57
133.27
148.47
164.75
165.62
171.70
233.69
262.32
283.22
295.66
319.14
329.93
355.68
367.14
398.74
413.25
438.87
465.82
504.03
529.15
629.51
647.46
695.97
716.28
848.86
897.82
920.60
952.17
971.01
977.12
993.35
1022.39
1056.71
1062.93
1081.66
1107.93
1131.60
1140.03
1143.08
1149.10
1160.30
1173.98
1175.73
1187.58
1201.44
1203.85
1205.80
1215.28
1220.84
1231.61
1238.58
1256.87
1270.25
1272.29
1277.23
1280.40
1283.33
1284.09
1285.50
1298.20
1302.85
1303.67
1309.30
1315.13
1332.70
1340.95
1355.77
1368.06
1371.32
1396.72
1398.23
1400.21
2640.19
2640.63
2643.69
2647.68
2657.83
2659.26
2661.06
2666.23
2667.57
2668.57
2673.60
2680.48
2683.26
2730.71
2734.25
2736.39
2738.71
2740.29
2777.79
2779.71
$end
