$molecule
 C  -1.84987562 0.98587741 -0.76401120
 H  -2.23266706 0.59202183 -1.73248992
 C  -2.97343027 1.65505061 0.01485261
 H  -2.69926625 1.86708634 1.07189257
 H  -1.09597349 1.75413738 -1.05628280
 C  -3.51161186 2.88425245 -0.68326632
 H  -2.74707693 3.67227888 -0.74420890
 H  -3.84670157 2.67426718 -1.70847801
 H  -4.37151409 3.31663080 -0.15030987
 C   0.52756539 -1.99973134 -0.06916095
 H   0.65701361 -1.76728104 1.01158842
 C  -0.16957310 -0.88681344 -0.83406472
 H   0.58660823 -0.17555850 -1.24021125
 H  -0.67090277 -1.28970942 -1.74334921
 C  -1.18195387 -0.13599675 0.01660948
 H  -1.90983906 -0.82020511 0.50796574
 C   1.84052837 -2.46453381 -0.68882436
 H   2.29104041 -3.25865547 -0.05675827
 H   1.65784997 -2.94388583 -1.67395662
 C   2.84988419 -1.32114365 -0.87384849
 H   2.49076117 -0.64163819 -1.67273808
 H   3.80064161 -1.73674195 -1.26398155
 C   3.12025789 -0.54673509 0.42209605
 H   3.86363893 -1.09582057 1.03649089
 H   2.21255133 -0.50474154 1.05990382
 C   3.62229832 0.86451869 0.15760517
 H   4.43946132 0.89017707 -0.59245613
 C   3.97960924 1.60205140 1.42925550
 H   3.13271843 1.64982917 2.13165062
 H   4.81024388 1.11384331 1.95610980
 H   4.28586601 2.63991686 1.23397964
Cl  -4.32521913 0.46531527 0.13208170
Cl  -0.29264979 0.63906614 1.38497003
Cl   2.28217280 1.80081539 -0.62245619
Cl  -0.58580857 -3.41860253 -0.06475361
$end
$temperature
298.15
$end
$mult
 1
$end
$sigma
 1
$end
$pressure
1.00000
$end
$scale
1.093
$end
$msrrho
$end
$freq
16.55
22.59
34.71
50.79
56.65
69.23
88.04
105.84
136.31
154.64
162.78
172.73
174.57
206.18
256.77
284.67
304.19
321.46
338.44
345.22
356.23
383.22
395.08
459.12
486.60
493.70
548.42
634.04
639.16
657.56
713.91
814.58
898.51
931.28
965.25
975.84
997.25
1009.94
1026.86
1061.78
1065.24
1100.04
1107.11
1129.27
1139.90
1143.79
1147.58
1150.99
1159.25
1179.98
1188.82
1189.76
1199.75
1207.56
1214.36
1229.26
1230.12
1243.58
1251.16
1276.25
1276.32
1281.64
1283.08
1284.65
1286.55
1289.14
1290.51
1307.80
1309.99
1312.62
1315.02
1326.50
1347.81
1351.35
1370.05
1381.72
1395.27
1398.48
1399.01
2633.06
2639.33
2639.73
2650.60
2660.09
2660.70
2661.24
2665.95
2667.28
2670.56
2672.67
2681.60
2688.66
2725.05
2730.97
2733.03
2738.03
2745.72
2777.91
2778.44
$end
