$molecule
 C   1.69226840 -0.24698129 0.72471303
 H   0.58159908 -0.38783662 0.75667022
 C   2.33466568 -1.45689196 0.05449209
 H   3.41319000 -1.27965105 -0.17512908
 H   2.04525097 -0.20042906 1.78955756
 C   2.11757536 -2.74852869 0.81582467
 H   1.02929717 -2.92225921 1.00254343
 H   2.51478382 -3.61388428 0.23386049
 H   2.64524952 -2.70644081 1.79736001
 C   0.02598649 2.50490643 -0.71488119
 H  -0.59763593 3.37099702 -0.37339633
 H   0.57273349 2.82147316 -1.63886277
 C   1.05857011 2.20698936 0.38532751
 H   1.64385656 3.15074861 0.55121788
 H   0.53710399 1.97883555 1.34544565
 C   2.01206538 1.06838276 0.01740151
 H   2.08441655 0.94391580 -1.09032827
 C  -0.90248667 1.34152109 -1.09381517
 H  -1.45282322 1.63080596 -2.02628314
 H  -0.28608625 0.43925039 -1.33182397
 C  -1.91754642 0.98124559 -0.01253596
 H  -1.44389453 0.86994593 0.99068978
 C  -2.78959325 -0.23046446 -0.35339229
 H  -3.20248870 -0.11175348 -1.38782724
 H  -3.66135682 -0.25639859 0.35548115
 C  -2.04875255 -1.56266811 -0.27000262
 H  -1.08210715 -1.54810044 -0.82869988
 C  -2.90175559 -2.74589390 -0.68649409
 H  -3.83386021 -2.80050933 -0.07609144
 H  -3.17926299 -2.65835650 -1.76269188
 H  -2.33471044 -3.69713494 -0.54149433
Cl   1.53646571 -1.66002997 -1.58452042
Cl   3.70131838 1.53990365 0.52088100
Cl  -1.57605240 -1.82496038 1.47526255
Cl  -3.05912228 2.38940228 0.16367004
$end
$temperature
298.15
$end
$mult
 1
$end
$sigma
 1
$end
$pressure
1.00000
$end
$scale
1.093
$end
$msrrho
$end
$freq
27.12
42.38
49.03
77.60
78.48
81.66
89.55
109.78
133.92
150.01
166.06
177.26
184.08
247.54
269.89
291.71
308.78
337.22
349.65
374.17
386.40
414.13
436.94
446.27
475.86
513.05
534.94
631.60
648.52
694.37
712.34
829.49
882.32
911.52
933.38
953.41
962.27
974.81
1007.10
1030.14
1041.91
1077.00
1098.95
1114.02
1130.40
1133.62
1144.24
1148.75
1161.46
1173.65
1179.18
1185.51
1189.27
1192.80
1197.36
1198.58
1207.77
1229.54
1238.82
1260.94
1267.78
1274.26
1290.64
1321.47
1333.47
1334.35
1337.74
1342.18
1346.01
1346.72
1348.36
1354.33
1357.71
1360.84
1370.79
1379.39
1385.40
1403.44
1405.02
2623.09
2625.84
2628.00
2630.95
2637.14
2651.89
2656.06
2660.59
2662.98
2663.58
2670.45
2672.06
2676.94
2762.82
2763.72
2768.52
2769.67
2772.62
2848.85
2849.96
$end
