$molecule
 H   0.87094398 -0.48071862 -0.09930506
 C   0.28935133 -0.15397231 0.79677453
 C   1.20116166 0.14409870 1.98615209
 C  -0.80880177 -1.14276164 1.12876500
Cl  -0.50975166 1.40680463 0.31291717
 C   2.41374702 0.98584047 1.59939954
 H   1.52656307 -0.81499700 2.44595744
 H   0.62369863 0.66644875 2.78144522
 C   3.22851755 1.42279006 2.81500341
Cl   3.48942277 -0.04530603 0.55895772
 H   2.12136373 1.85988123 0.96352772
 C   4.36091088 2.38028377 2.45003936
 H   3.65063048 0.53217523 3.33202418
 H   2.55081575 1.90047838 3.55806502
 C   5.28077754 2.65831924 3.63609183
Cl   3.62017134 3.94907039 1.92891745
 H   4.94164407 2.00670133 1.56922151
 C   6.29259158 3.77969393 3.39032071
 H   5.81188090 1.71480935 3.90659723
 H   4.68140276 2.91978843 4.53724004
 C   7.12105579 3.61371222 2.11578801
Cl   7.36802432 3.81527237 4.84000134
 H   5.77961978 4.78018583 3.37155069
 C   8.27507392 4.61322722 1.97177395
Cl   7.82221957 1.96195606 2.05294339
 H   6.43454414 3.69853040 1.22808442
 C   9.07540693 4.41598340 0.70222613
Cl   7.51673957 6.25755859 1.88749943
 H   8.94120050 4.61537002 2.86931355
 H   9.65469609 3.48061561 0.72460296
 H   8.44288522 4.38757763 -0.19560518
 H   9.79781255 5.23277396 0.55329983
 H  -1.43052944 -0.81002448 1.97116295
 H  -1.49016941 -1.28632324 0.27667019
 H  -0.40043240 -2.12918753 1.38546301
$end
$temperature
298.15
$end
$mult
 1
$end
$sigma
 1
$end
$pressure
1.00000
$end
$scale
1.093
$end
$msrrho
$end
$freq
17.34
21.89
26.29
37.26
47.56
57.03
65.33
82.12
107.05
115.66
143.60
154.46
161.89
171.72
174.99
209.27
252.32
263.89
284.52
310.65
328.59
361.56
368.28
380.41
398.48
412.72
466.40
472.33
526.94
564.94
578.73
652.31
662.28
683.39
721.30
734.49
800.32
896.66
931.92
961.33
966.66
991.48
1036.48
1043.85
1058.38
1098.90
1111.60
1121.85
1122.52
1138.66
1147.24
1153.11
1155.44
1173.81
1177.88
1180.98
1188.37
1193.25
1197.11
1205.48
1211.35
1219.71
1226.42
1237.62
1239.58
1242.78
1245.61
1252.89
1254.46
1260.30
1262.81
1269.60
1271.85
1280.68
1289.00
1293.18
1324.87
1329.95
1342.74
1343.37
1344.82
2631.28
2640.71
2643.16
2646.57
2652.21
2657.83
2661.55
2663.70
2668.61
2681.93
2687.58
2691.03
2694.34
2726.06
2730.78
2736.18
2785.42
2787.43
$end
