$molecule
 C  -3.77320711 -0.32258687 1.02144207
 H  -3.72497692 0.45767930 1.80844331
 C  -5.01607580 -0.11880730 0.17377472
 H  -4.98377994 -0.77834268 -0.72583585
 H  -3.84468035 -1.29166411 1.55604878
 C  -6.28513244 -0.33683687 0.95999206
 H  -6.33235433 0.31444379 1.84297850
 H  -7.17024949 -0.12541218 0.34626913
 H  -6.36156940 -1.37526038 1.30825742
 C   0.00008234 -0.11736066 0.21744009
 H  -0.00029183 -0.80408168 -0.66539540
 C  -1.25738569 -0.31203150 1.04568859
 H  -1.19989618 -1.27512423 1.59294710
 H  -1.32135611 0.47825227 1.82147345
 C  -2.50736506 -0.28516563 0.18480068
 H  -2.50514944 0.60985471 -0.48570094
 C   1.25781945 -0.31268074 1.04512401
 H   1.32256104 0.47758258 1.82086830
 H   1.20007463 -1.27574198 1.59241240
 C   2.50743864 -0.28648469 0.18368761
 H   2.50541084 0.60851653 -0.48683762
 C   3.77362782 -0.32455266 1.01978060
 H   3.84482439 -1.29366685 1.55434604
 H   3.72612487 0.45571182 1.80681912
 C   5.01625278 -0.12139334 0.17161062
 H   4.98322680 -0.78087795 -0.72800534
 C   6.28552243 -0.34011397 0.95729174
 H   7.17048455 -0.12914676 0.34317816
 H   6.33346645 0.31113480 1.84026841
 H   6.36154495 -1.37858847 1.30550885
Cl  -5.02032570 1.57682010 -0.41526049
Cl  -2.49173522 -1.74206371 -0.86516395
Cl   5.02113278 1.57424957 -0.41736495
Cl   0.00037685 1.56372110 -0.40909395
Cl   2.49060646 -1.74339476 -0.86623901
$end
$temperature
298.15
$end
$mult
 1
$end
$sigma
 1
$end
$pressure
1.00000
$end
$scale
0.953
$end
$msrrho
$end
$freq
19.83
20.86
27.38
39.95
45.32
55.93
71.77
76.79
112.36
115.15
149.49
153.93
169.52
170.69
188.05
252.30
282.21
316.81
326.22
337.31
340.03
357.36
366.95
385.16
427.62
473.80
491.77
565.24
565.78
602.90
612.16
612.66
616.23
631.80
883.24
909.60
941.58
947.21
952.09
976.75
1015.05
1022.21
1061.66
1077.79
1087.87
1097.70
1102.20
1108.40
1112.45
1120.45
1131.72
1132.01
1144.97
1151.54
1158.18
1161.52
1176.01
1183.39
1190.66
1195.72
1200.70
1201.44
1205.19
1216.69
1249.78
1270.92
1348.05
1370.92
1376.78
1378.52
1381.35
1382.28
1393.55
1394.41
1396.27
1400.40
1401.72
1409.68
1418.17
1421.08
2882.84
2884.63
2885.05
2905.89
2905.92
2948.95
2949.66
2950.55
2950.67
3020.99
3021.75
3023.42
3023.48
3081.61
3081.65
3085.36
3085.37
3178.59
3178.64
$end
