$molecule
 H  -0.06094670 -0.76625712 0.24825758
 C   0.04756339 -0.16180671 1.18714802
 C   1.52402946 0.05032516 1.51063180
 C  -0.71258919 1.13829398 1.07077547
Cl  -0.69619035 -1.14827826 2.46246960
 C   2.30585173 -1.25691747 1.60253901
Cl   2.25598114 1.13027563 0.31728275
 H   1.61745160 0.59361424 2.49024900
 H  -1.80654123 0.93773257 0.96065098
 H  -0.55735327 1.77509815 1.97501306
 H  -0.36882839 1.70485711 0.17057471
 C   3.71811872 -1.01196089 2.10751182
Cl   2.33683896 -2.10323605 0.05140414
 H   1.76523424 -1.95397847 2.30091398
 C   4.40907168 -2.29566125 2.53754245
 H   4.32894943 -0.52356660 1.30014454
 H   3.67435951 -0.29724621 2.97389735
 C   5.91177740 -2.07806864 2.69580462
Cl   3.68633934 -2.92684148 4.02081388
 H   4.23625124 -3.09708422 1.76698032
 C   6.67050063 -3.37836210 2.96057618
Cl   6.23334561 -0.91391003 3.98713594
 H   6.30392419 -1.59496230 1.75885021
 C   8.17006716 -3.15809320 3.14523779
Cl   6.37115805 -4.52029066 1.64472271
 H   6.25707799 -3.87358449 3.88313454
 C   8.90587564 -4.42811566 3.56657249
Cl   8.88962911 -2.50883958 1.66629595
 H   8.33300815 -2.36242429 3.92323932
 C  10.38774798 -4.19733243 3.74953365
Cl   8.22596407 -5.02642864 5.09290973
 H   8.72524356 -5.24900918 2.82364722
 H  10.87112685 -5.11111778 4.17423113
 H  10.86615843 -3.97425175 2.76425334
 H  10.57710918 -3.34108118 4.44117407
$end
$temperature
298.15
$end
$mult
 1
$end
$sigma
 1
$end
$pressure
1.00000
$end
$scale
0.961
$end
$msrrho
$end
$freq
11.90
19.34
21.23
34.94
38.44
45.27
54.83
69.45
75.85
111.49
117.95
138.07
153.26
162.06
163.18
164.55
178.88
186.31
195.33
244.20
287.52
299.90
318.10
324.57
331.66
379.10
404.10
409.34
417.32
442.58
482.52
530.34
603.77
642.07
687.61
724.27
750.74
772.25
774.78
782.96
822.53
843.25
867.41
988.87
1005.73
1008.29
1065.48
1065.97
1121.31
1127.41
1129.17
1139.19
1155.24
1158.71
1170.14
1179.38
1191.13
1209.62
1212.86
1219.58
1222.44
1225.43
1229.75
1232.16
1234.39
1255.00
1263.30
1268.91
1273.61
1285.94
1313.54
1324.83
1357.53
1371.17
1374.75
1383.19
1383.54
1387.89
1388.96
1389.44
1415.32
1432.60
1432.77
2986.67
2991.22
2995.66
2998.52
3006.71
3008.26
3011.24
3027.30
3028.52
3055.72
3055.99
3064.06
3064.28
3077.71
3153.36
3153.38
$end
