$molecule
 C  -2.23280617 0.95296195 -0.79703123
 H  -2.56682229 0.48125947 -1.74826527
 C  -3.44269578 1.47334868 -0.02347930
 H  -3.17485357 1.75770399 1.02300276
 H  -1.59951331 1.81366498 -1.10755428
 C  -4.15579882 2.60482430 -0.73436134
 H  -3.51427984 3.49138511 -0.82595649
 H  -4.48115686 2.32372732 -1.74527473
 H  -5.06045647 2.91396248 -0.18994039
 C   0.44904865 -1.77383228 -0.05749784
 H   0.63158373 -1.48515968 1.00587068
 C  -0.29238792 -0.68144363 -0.82183958
 H   0.43582915 0.09842281 -1.14648146
 H  -0.71255348 -1.09245343 -1.76635730
 C  -1.40756885 -0.04851054 0.00398760
 H  -2.05153665 -0.82453934 0.48944149
 C   1.74414306 -2.23229601 -0.72476352
 H   2.18368288 -3.06331272 -0.13290961
 H   1.52705625 -2.67271458 -1.72075874
 C   2.77408099 -1.10668375 -0.88678991
 H   2.40193366 -0.36135920 -1.62139351
 H   3.69449788 -1.52958513 -1.33835867
 C   3.11169306 -0.40571675 0.43400452
 H   3.36965029 -1.15620774 1.20941746
 H   2.21448811 0.12584833 0.82237323
 C   4.26950120 0.57625064 0.28206646
 H   5.14759710 0.10440145 -0.21673755
 C   4.66472656 1.23796747 1.58612078
 H   3.82195650 1.76987636 2.05113708
 H   5.03290806 0.50557823 2.31591078
 H   5.45977118 1.98260065 1.43784566
Cl  -4.62517294 0.09930719 0.13686730
Cl  -0.61927217 0.86352816 1.37190574
Cl   3.73660599 1.89938732 -0.85437062
Cl  -0.64499845 -3.22545105 0.02699951
$end
$temperature
298.15
$end
$mult
 1
$end
$sigma
 1
$end
$pressure
1.00000
$end
$scale
1.093
$end
$msrrho
$end
$freq
13.04
19.72
23.28
39.62
46.98
74.03
85.46
105.11
111.38
154.23
164.67
168.58
174.18
192.61
229.00
287.62
316.54
341.05
346.98
361.35
371.20
398.36
414.27
461.73
494.67
507.34
555.64
644.71
649.50
662.44
711.66
789.95
871.00
914.21
953.39
961.31
977.50
982.82
1027.02
1036.72
1038.69
1094.62
1109.77
1119.66
1125.98
1131.95
1135.16
1147.48
1164.10
1170.63
1178.95
1187.37
1192.39
1196.03
1199.92
1201.47
1211.88
1219.78
1235.90
1242.82
1243.24
1245.60
1245.98
1253.07
1258.15
1261.11
1263.35
1268.52
1270.02
1277.97
1283.63
1290.39
1305.72
1319.51
1325.53
1332.90
1339.21
1343.41
1347.67
2641.45
2647.50
2649.80
2655.56
2659.35
2664.73
2666.86
2671.45
2676.69
2688.18
2690.66
2693.98
2694.36
2725.12
2728.68
2734.74
2740.72
2741.91
2787.47
2787.65
$end
