$molecule
 C   1.59353370 -0.23027678 0.67189702
 H   0.48875411 -0.34984097 0.63594905
 C   2.27686850 -1.43930684 0.04675836
 H   3.36351600 -1.25402586 -0.13133297
 H   1.82336106 -0.19783277 1.76121853
 C   2.03959179 -2.72146834 0.81093137
 H   0.96777855 -2.93422369 0.94485023
 H   2.47245233 -3.58938957 0.29368465
 H   2.48918057 -2.67991559 1.81260351
 C   0.02858791 2.48771972 -0.79538607
 H  -0.57460181 3.38306985 -0.53136217
 H   0.56929493 2.76654082 -1.72413416
 C   1.04496186 2.23430654 0.32630198
 H   1.61486621 3.17570361 0.49214286
 H   0.52403545 2.05927153 1.28866792
 C   1.99193135 1.08059612 0.00089927
 H   2.11403180 0.96287450 -1.10369744
 C  -0.90265690 1.31134693 -1.10702068
 H  -1.47132241 1.54343567 -2.03315997
 H  -0.30367148 0.40757552 -1.35524550
 C  -1.87270634 0.98271850 0.02312411
 H  -1.34727562 0.87120948 1.00163583
 C  -2.75995357 -0.22727825 -0.27279241
 H  -3.25575113 -0.10296666 -1.25997719
 H  -3.60113402 -0.26533185 0.45771003
 C  -1.99483668 -1.54604205 -0.24458326
 H  -1.02876469 -1.48193158 -0.80278751
 C  -2.82377301 -2.72151036 -0.71479236
 H  -3.74550523 -2.84073477 -0.12790434
 H  -3.11367824 -2.61380948 -1.76865526
 H  -2.26839721 -3.66695496 -0.62545800
Cl   1.54867091 -1.66600053 -1.62110170
Cl   3.65775838 1.49855342 0.60921602
Cl  -1.52981507 -1.87383436 1.49093277
Cl  -2.99285199 2.39928389 0.22846760
$end
$temperature
298.15
$end
$mult
 1
$end
$sigma
 1
$end
$pressure
1.00000
$end
$scale
1.093
$end
$msrrho
$end
$freq
21.40
39.58
48.60
76.97
81.44
86.86
98.18
114.28
135.68
157.23
179.68
187.19
204.28
252.23
265.36
298.12
316.91
343.96
356.18
375.62
391.01
417.49
439.92
451.46
478.94
514.22
539.80
631.95
649.38
701.87
718.37
832.04
885.83
910.63
937.49
959.52
965.75
978.12
1011.65
1032.98
1041.65
1083.54
1103.36
1117.88
1132.04
1137.46
1144.45
1153.60
1166.71
1177.76
1179.80
1186.64
1188.57
1193.68
1199.23
1206.68
1207.94
1226.55
1239.22
1242.48
1242.74
1244.62
1248.33
1252.65
1258.50
1263.12
1264.86
1277.18
1277.75
1280.36
1288.70
1300.24
1308.21
1328.00
1332.62
1334.37
1346.33
1350.37
1351.06
2647.22
2648.59
2651.96
2655.38
2658.27
2661.73
2663.66
2665.63
2670.42
2687.62
2689.51
2691.82
2692.88
2733.81
2734.94
2736.85
2736.98
2743.55
2785.58
2787.90
$end
