$molecule
 H  -0.57524406 -0.34784829 0.33695520
 C  -0.10420786 0.16926495 1.18461339
 C   1.40285440 0.04897148 1.18335375
 H  -0.43038146 1.22050027 1.13731016
 H  -0.54676071 -0.24636929 2.10346851
 C   1.88723102 -1.39033648 1.04664473
Cl   2.00528467 0.92523452 -0.26338682
 H   1.85657785 0.57775082 2.05436872
 C   3.39512383 -1.54913626 0.92902236
Cl   1.32344878 -2.25751426 2.50206984
 H   1.38385417 -1.90310679 0.18867689
 C   3.84159814 -3.00581861 0.94648055
Cl   4.19254590 -0.72225505 2.29618009
 H   3.77098908 -1.01852251 0.01630578
 C   5.28583973 -3.15527616 0.48834728
 H   3.16275114 -3.62290501 0.31556707
 H   3.73479291 -3.44089961 1.96964102
 C   5.80837514 -4.56473065 0.72060808
Cl   5.33274779 -2.82566707 -1.27662452
 H   5.94590231 -2.38147076 0.94200680
 C   7.18644102 -4.80595857 0.10947204
 H   5.09322690 -5.31738353 0.31403155
 H   5.82292311 -4.76386910 1.82003963
 C   8.23176510 -3.75776208 0.45381385
Cl   7.72932565 -6.40020778 0.70883462
 H   7.10870149 -4.93365145 -1.00134858
 C   9.66019295 -4.10997237 0.05254532
Cl   8.24593791 -3.51499518 2.22257799
 H   7.93914898 -2.76605697 0.02320840
 C  10.62794008 -2.96878111 0.27218566
Cl   9.62629517 -4.44716059 -1.70991219
 H  10.02486612 -5.05256422 0.52357893
 H  11.62410183 -3.19287189 -0.14065913
 H  10.29467434 -2.03077808 -0.19434829
 H  10.77924003 -2.76189355 1.34310110
$end
$temperature
298.15
$end
$mult
 1
$end
$sigma
 1
$end
$pressure
1.00000
$end
$scale
1.093
$end
$msrrho
$end
$freq
14.25
20.52
25.29
33.59
42.00
55.33
61.47
81.08
88.53
112.10
119.80
143.93
155.41
166.70
168.95
182.13
196.96
230.23
244.87
257.63
271.30
291.43
306.69
348.15
360.47
380.39
390.26
395.19
455.54
473.99
529.28
555.74
607.06
664.81
694.75
717.31
718.35
728.88
786.02
797.78
932.29
965.23
977.41
1007.53
1049.68
1068.50
1069.21
1084.08
1110.34
1129.25
1136.25
1147.18
1155.19
1159.70
1163.03
1169.63
1181.05
1182.74
1193.53
1196.32
1199.40
1206.87
1209.63
1222.55
1249.87
1276.39
1276.85
1277.88
1279.70
1284.11
1286.66
1288.75
1293.35
1296.81
1300.55
1309.97
1312.78
1332.17
1359.99
1394.24
1397.85
1398.27
2625.66
2629.27
2642.34
2645.20
2648.00
2649.41
2657.53
2658.16
2659.60
2660.25
2665.63
2678.00
2678.77
2719.74
2727.41
2775.95
2776.08
$end
