$molecule
 C   1.17190331 0.51597498 -0.75049967
 H   0.10666803 0.20524314 -0.87943057
 C   1.23973540 1.83824339 -0.02690768
 H   2.26710092 2.13271890 0.27705936
 H   1.54542049 0.63793883 -1.79278383
 C   0.44999619 2.92962670 -0.69058154
 H   0.91012365 3.23066673 -1.64438030
 H  -0.58667092 2.62303275 -0.91392808
 H   0.38694561 3.83100560 -0.06339708
 C   0.85612773 -2.72977342 0.57514358
 H   0.68693413 -3.76956021 0.22096462
 H   1.47170655 -2.85191477 1.49359572
 C   1.66074576 -1.96486219 -0.47567947
 H   2.61297490 -2.50879862 -0.67138298
 H   1.14904451 -1.97945045 -1.46097797
 C   1.96299823 -0.55005306 -0.02729953
 H   1.98503372 -0.42580363 1.07905663
 C  -0.47366381 -2.07633542 0.93974949
 H  -0.86915531 -2.55271056 1.86423709
 H  -0.32898583 -1.01176987 1.23147573
 C  -1.50523651 -2.19995369 -0.17667191
 H  -1.69307571 -3.27087920 -0.40628268
 H  -1.13132734 -1.77522619 -1.13205312
 C  -2.82016453 -1.52359426 0.20671168
 H  -3.20325062 -1.92761327 1.16948173
 H  -3.60664135 -1.77692051 -0.53718134
 C  -2.67748080 -0.02382045 0.31828879
 H  -1.78396062 0.31214455 0.89651312
 C  -3.94534963 0.67941434 0.71746991
 H  -4.23869203 0.42229365 1.74689249
 H  -3.83585151 1.77363892 0.67864185
 H  -4.79390058 0.42635098 0.06465398
Cl   0.35471760 1.52213550 1.62725920
Cl   3.75348266 -0.20015814 -0.52640175
Cl  -2.31827160 0.58913691 -1.43947768
$end
$temperature
298.15
$end
$mult
 1
$end
$sigma
 1
$end
$pressure
1.00000
$end
$scale
1.0
$end
$msrrho
$end
$freq
35.64
57.46
65.51
73.61
86.90
94.28
96.35
134.97
144.95
166.09
188.25
215.34
230.09
269.98
289.51
297.26
324.81
328.97
353.03
378.36
394.03
440.36
484.87
516.42
559.11
572.67
586.14
645.85
812.04
857.98
895.41
928.42
937.87
953.04
975.90
993.68
1019.57
1024.12
1036.53
1067.58
1086.97
1102.67
1113.69
1127.86
1145.51
1155.21
1164.57
1167.45
1174.40
1176.33
1178.48
1183.67
1185.89
1194.82
1215.50
1225.32
1240.20
1251.40
1261.16
1268.12
1271.35
1279.52
1280.77
1282.98
1288.35
1289.01
1308.61
1318.20
1319.94
1331.90
1335.14
1338.86
1343.39
1348.54
1354.30
1371.36
1376.29
1400.09
2901.94
2904.73
2919.24
2921.10
2930.56
2932.65
2940.58
2941.95
2963.94
2972.17
2977.46
2986.73
2989.62
2996.63
2996.84
2997.57
3018.97
3019.93
3023.12
3069.10
3078.62
$end
