$molecule
 C   1.14892081 0.46527352 -0.66919679
 H   0.09418639 0.10029006 -0.66839147
 C   1.23714207 1.82383857 0.01434572
 H   2.29395278 2.11355763 0.22688734
 H   1.39103533 0.57987953 -1.74975594
 C   0.49191055 2.91365945 -0.72263627
 H   0.94710790 3.12068539 -1.70063846
 H  -0.56153775 2.64790471 -0.90457841
 H   0.48663799 3.85720307 -0.15913524
 C   0.88107228 -2.74979342 0.61611681
 H   0.71592398 -3.79074109 0.27051088
 H   1.47235095 -2.84014995 1.55088396
 C   1.71751227 -2.01230288 -0.44045526
 H   2.64701945 -2.59789644 -0.61390997
 H   1.19628182 -2.02445519 -1.41842519
 C   2.05348848 -0.58051856 -0.02616036
 H   2.08405791 -0.47931840 1.08559947
 C  -0.46812354 -2.10036056 0.94698470
 H  -0.90593245 -2.61567747 1.82557347
 H  -0.31555509 -1.05063113 1.27236564
 C  -1.45796955 -2.15088549 -0.22300954
 H  -1.62048280 -3.20358386 -0.52867809
 H  -1.02315363 -1.65206510 -1.11340718
 C  -2.81026362 -1.51615325 0.12471169
 H  -3.18771098 -1.93350377 1.08163943
 H  -3.56071149 -1.81352025 -0.63783052
 C  -2.75193703 0.00416109 0.23187776
 H  -1.86220141 0.34667377 0.81427814
 C  -4.03022440 0.62074562 0.75950629
 H  -4.23369402 0.30271560 1.79043501
 H  -3.97652293 1.71916750 0.76421431
 H  -4.90411901 0.35112975 0.15088831
Cl   0.45270218 1.65410437 1.66213210
Cl   3.75756454 -0.20879099 -0.56823545
Cl  -2.49516648 0.67124168 -1.45374513
$end
$temperature
298.15
$end
$mult
 1
$end
$sigma
 1
$end
$pressure
1.00000
$end
$scale
1.093
$end
$msrrho
$end
$freq
26.36
41.90
54.20
68.16
73.32
85.07
92.95
118.12
148.19
168.51
185.73
204.69
214.31
255.04
293.76
306.48
329.11
348.43
368.20
388.14
408.45
444.07
473.51
509.58
546.59
632.50
638.08
691.95
769.48
833.26
882.03
907.83
933.52
941.06
970.17
988.80
1011.92
1028.17
1037.31
1069.99
1092.86
1102.18
1123.49
1138.08
1146.31
1161.17
1165.27
1174.48
1175.74
1178.16
1186.28
1189.18
1194.46
1200.13
1209.54
1228.44
1235.44
1238.99
1243.38
1244.94
1245.68
1252.67
1256.48
1263.87
1270.76
1275.26
1277.86
1282.60
1285.72
1292.55
1295.04
1306.84
1319.68
1327.80
1335.23
1342.39
1345.28
1348.44
2641.73
2651.60
2654.91
2658.13
2661.59
2664.33
2666.67
2669.15
2676.46
2688.71
2689.75
2690.45
2694.97
2729.17
2733.64
2737.61
2739.49
2740.23
2746.50
2787.22
2788.06
$end
